county,active_dem,active_rep,active_uaf,total_active,inactive_dem,inactive_rep,inactive_uaf,total_inactive,grand_total,year,month
Adams,87561,62435,95696,245692,6455,4339,11529,22323,268015,2017,apr
Alamosa,3316,2575,2778,8669,309,213,537,1059,9728,2017,apr
Arapahoe,126418,108208,138242,372868,10499,7370,18224,36093,408961,2017,apr
Archuleta,2003,4228,2640,8871,355,576,464,1395,10266,2017,apr
Baca,596,1314,659,2569,35,66,108,209,2778,2017,apr
Bent,794,913,758,2465,157,137,211,505,2970,2017,apr
Boulder,96808,36860,82971,216639,6698,2663,10659,20020,236659,2017,apr
Broomfield,13310,12680,17854,43844,1135,1114,2237,4486,48330,2017,apr
Chaffee,3510,4686,4805,13001,243,328,700,1271,14272,2017,apr
Cheyenne,160,839,307,1306,16,52,36,104,1410,2017,apr
Clear Creek,2144,2096,2780,7020,207,182,423,812,7832,2017,apr
Conejos,2376,1775,760,4911,183,134,153,470,5381,2017,apr
Costilla,1544,379,509,2432,82,31,111,224,2656,2017,apr
Crowley,424,957,498,1879,41,49,78,168,2047,2017,apr
Custer,505,2167,839,3511,35,116,90,241,3752,2017,apr
Delta,3561,9495,6734,19790,202,467,712,1381,21171,2017,apr
Denver,197232,58363,145688,401283,16566,5844,23290,45700,446983,2017,apr
Dolores,342,700,408,1450,37,48,119,204,1654,2017,apr
Douglas,43878,98899,75268,218045,3276,7032,7671,17979,236024,2017,apr
Eagle,9195,7940,13530,30665,812,771,2152,3735,34400,2017,apr
El Paso,85077,163811,145525,394413,9422,12952,23029,45403,439816,2017,apr
Elbert,2313,10304,5817,18434,145,488,484,1117,19551,2017,apr
Fremont,5144,12066,9714,26924,498,971,1512,2981,29905,2017,apr
Garfield,8255,10530,13562,32347,482,644,1901,3027,35374,2017,apr
Gilpin,1252,1141,1850,4243,175,141,330,646,4889,2017,apr
Grand,2331,4308,3854,10493,149,230,488,867,11360,2017,apr
Gunnison,3641,2879,4801,11321,382,363,909,1654,12975,2017,apr
Hinsdale,114,412,153,679,9,33,22,64,743,2017,apr
Huerfano,2009,1242,1245,4496,145,110,203,458,4954,2017,apr
Jackson,112,690,184,986,30,108,68,206,1192,2017,apr
Jefferson,118064,117767,151637,387468,9246,8117,16358,33721,421189,2017,apr
Kiowa,143,578,234,955,11,29,32,72,1027,2017,apr
Kit Carson,574,2566,1219,4359,56,172,249,477,4836,2017,apr
La Plata,12041,11243,13369,36653,1710,1497,2975,6182,42835,2017,apr
Lake,1866,803,1448,4117,232,127,344,703,4820,2017,apr
Larimer,64199,73274,92893,230366,3996,4198,11075,19269,249635,2017,apr
Las Animas,3952,2252,2245,8449,552,406,554,1512,9961,2017,apr
Lincoln,392,1698,659,2749,62,142,160,364,3113,2017,apr
Logan,1829,5931,3627,11387,223,421,765,1409,12796,2017,apr
Mesa,17915,41299,33750,92964,4018,7441,10050,21509,114473,2017,apr
Mineral,263,317,150,730,16,26,25,67,797,2017,apr
Moffat,861,4378,2315,7554,309,795,983,2087,9641,2017,apr
Montezuma,3673,7665,5299,16637,557,742,1210,2509,19146,2017,apr
Montrose,4560,12026,8534,25120,259,643,901,1803,26923,2017,apr
Morgan,2949,6480,5267,14696,219,301,615,1135,15831,2017,apr
Otero,3429,3993,3450,10872,288,227,512,1027,11899,2017,apr
Ouray,1161,1310,1346,3817,112,211,234,557,4374,2017,apr
Park,2539,5077,4794,12410,253,470,682,1405,13815,2017,apr
Phillips,431,1571,711,2713,104,198,159,461,3174,2017,apr
Pitkin,4902,2153,5732,12787,622,367,1168,2157,14944,2017,apr
Prowers,1397,2967,1957,6321,135,284,445,864,7185,2017,apr
Pueblo,42243,25788,32100,100131,2883,1673,4494,9050,109181,2017,apr
Rio Blanco,341,2775,837,3953,34,186,248,468,4421,2017,apr
Rio Grande,2156,2768,1867,6791,225,286,434,945,7736,2017,apr
Routt,5184,4774,7194,17152,578,560,1269,2407,19559,2017,apr
Saguache,1670,849,1148,3667,184,82,261,527,4194,2017,apr
San Juan,172,137,307,616,22,19,56,97,713,2017,apr
San Miguel,2500,927,1911,5338,323,112,394,829,6167,2017,apr
Sedgwick,238,895,419,1552,31,91,95,217,1769,2017,apr
Summit,6325,4606,9192,20123,1564,1263,3210,6037,26160,2017,apr
Teller,2770,8410,5916,17096,333,761,943,2037,19133,2017,apr
Washington,276,2207,591,3074,32,140,89,261,3335,2017,apr
Weld,38598,63583,63542,165723,3214,4310,7620,15144,180867,2017,apr
Yuma,817,3086,1683,5586,69,169,181,419,6005,2017,apr
Adams,87821,62624,98926,249371,6428,4408,11483,22319,271690,2017,aug
Alamosa,3301,2583,2875,8759,308,214,528,1050,9809,2017,aug
Arapahoe,126958,107795,142733,377486,10415,7437,18146,35998,413484,2017,aug
Archuleta,2017,4246,2801,9064,353,558,454,1365,10429,2017,aug
Baca,583,1324,700,2607,32,66,105,203,2810,2017,aug
Bent,789,918,792,2499,146,134,201,481,2980,2017,aug
Boulder,96285,36406,84507,217198,6978,2736,10817,20531,237729,2017,aug
Broomfield,13489,12722,18545,44756,1138,1146,2287,4571,49327,2017,aug
Chaffee,3528,4679,4942,13149,241,319,697,1257,14406,2017,aug
Cheyenne,158,840,313,1311,15,52,35,102,1413,2017,aug
Clear Creek,2138,2089,2874,7101,205,181,423,809,7910,2017,aug
Conejos,2377,1775,817,4969,175,127,149,451,5420,2017,aug
Costilla,1555,388,537,2480,82,28,110,220,2700,2017,aug
Crowley,434,955,522,1911,39,49,76,164,2075,2017,aug
Custer,501,2200,899,3600,35,114,90,239,3839,2017,aug
Delta,3569,9565,6919,20053,201,462,690,1353,21406,2017,aug
Denver,196637,57734,148706,403077,17235,6013,23834,47082,450159,2017,aug
Dolores,338,706,417,1461,37,48,116,201,1662,2017,aug
Douglas,44108,99218,77894,221220,3364,7259,7820,18443,239663,2017,aug
Eagle,9252,7960,14031,31243,802,764,2128,3694,34937,2017,aug
El Paso,83815,161913,147389,393117,11403,15566,26686,53655,446772,2017,aug
Elbert,2318,10372,6003,18693,149,497,480,1126,19819,2017,aug
Fremont,5143,12115,9891,27149,502,985,1511,2998,30147,2017,aug
Garfield,8247,10566,14023,32836,494,666,1898,3058,35894,2017,aug
Gilpin,1252,1145,1913,4310,169,134,323,626,4936,2017,aug
Grand,2365,4321,4029,10715,150,222,489,861,11576,2017,aug
Gunnison,3654,2874,4916,11444,375,356,892,1623,13067,2017,aug
Hinsdale,115,419,161,695,9,31,22,62,757,2017,aug
Huerfano,1996,1258,1330,4584,151,112,201,464,5048,2017,aug
Jackson,110,700,203,1013,30,106,68,204,1217,2017,aug
Jefferson,118053,117148,155400,390601,9255,8209,16382,33846,424447,2017,aug
Kiowa,138,579,244,961,11,27,30,68,1029,2017,aug
Kit Carson,568,2574,1276,4418,58,173,244,475,4893,2017,aug
La Plata,12041,11262,13857,37160,1703,1496,2932,6131,43291,2017,aug
Lake,1841,824,1544,4209,231,129,349,709,4918,2017,aug
Larimer,64194,73212,95224,232630,4112,4276,11092,19480,252110,2017,aug
Las Animas,3928,2303,2428,8659,545,402,547,1494,10153,2017,aug
Lincoln,389,1695,690,2774,58,142,157,357,3131,2017,aug
Logan,1806,5911,3664,11381,229,421,752,1402,12783,2017,aug
Mesa,17880,41197,34673,93750,4028,7556,10092,21676,115426,2017,aug
Mineral,264,319,159,742,16,26,25,67,809,2017,aug
Moffat,851,4370,2404,7625,306,787,965,2058,9683,2017,aug
Montezuma,3651,7664,5524,16839,558,734,1193,2485,19324,2017,aug
Montrose,4539,12064,8797,25400,255,647,892,1794,27194,2017,aug
Morgan,2950,6520,5446,14916,214,304,611,1129,16045,2017,aug
Otero,3452,4019,3595,11066,271,219,508,998,12064,2017,aug
Ouray,1141,1296,1413,3850,115,213,232,560,4410,2017,aug
Park,2549,5116,4988,12653,257,464,675,1396,14049,2017,aug
Phillips,434,1583,723,2740,102,193,155,450,3190,2017,aug
Pitkin,4886,2144,5872,12902,625,364,1168,2157,15059,2017,aug
Prowers,1399,2992,2043,6434,131,279,438,848,7282,2017,aug
Pueblo,42237,25907,32859,101003,2821,1673,4441,8935,109938,2017,aug
Rio Blanco,327,2773,889,3989,34,181,248,463,4452,2017,aug
Rio Grande,2168,2768,1947,6883,220,277,427,924,7807,2017,aug
Routt,5211,4794,7344,17349,572,562,1263,2397,19746,2017,aug
Saguache,1654,851,1213,3718,182,81,259,522,4240,2017,aug
San Juan,175,136,305,616,22,19,56,97,713,2017,aug
San Miguel,2516,931,1973,5420,323,111,394,828,6248,2017,aug
Sedgwick,243,891,426,1560,31,91,95,217,1777,2017,aug
Summit,6399,4635,9480,20514,1542,1246,3178,5966,26480,2017,aug
Teller,2798,8504,6172,17474,333,783,933,2049,19523,2017,aug
Washington,276,2199,607,3082,31,140,89,260,3342,2017,aug
Weld,38688,64000,65367,168055,3221,4363,7588,15172,183227,2017,aug
Yuma,801,3084,1763,5648,65,171,174,410,6058,2017,aug
Adams,87526,62460,93769,243755,6631,4450,11903,22984,266739,2016,dec
Alamosa,3323,2568,2689,8580,316,217,546,1079,9659,2016,dec
Arapahoe,125797,108523,135479,369799,17434,12632,26192,56258,426057,2016,dec
Archuleta,2000,4192,2560,8752,466,757,715,1938,10690,2016,dec
Baca,608,1310,636,2554,38,70,115,223,2777,2016,dec
Bent,796,913,738,2447,165,140,222,527,2974,2016,dec
Boulder,96987,37198,81577,215762,6778,2686,10835,20299,236061,2016,dec
Broomfield,13312,12733,17499,43544,1762,1762,3154,6678,50222,2016,dec
Chaffee,3512,4664,4712,12888,246,332,706,1284,14172,2016,dec
Cheyenne,160,840,305,1305,16,55,38,109,1414,2016,dec
Clear Creek,2152,2082,2741,6975,208,187,435,830,7805,2016,dec
Conejos,2398,1777,753,4928,351,255,228,834,5762,2016,dec
Costilla,1558,380,477,2415,199,87,216,502,2917,2016,dec
Crowley,433,958,479,1870,40,52,80,172,2042,2016,dec
Custer,491,2159,819,3469,37,118,94,249,3718,2016,dec
Delta,3572,9476,6628,19676,279,618,868,1765,21441,2016,dec
Denver,198642,59075,144453,402170,29309,10245,36710,76264,478434,2016,dec
Dolores,343,699,411,1453,34,46,117,197,1650,2016,dec
Douglas,43676,98592,73164,215432,3232,6938,7692,17862,233294,2016,dec
Eagle,9177,7946,13314,30437,1141,1082,2781,5004,35441,2016,dec
El Paso,84807,163602,142077,390486,9445,12966,23138,45549,436035,2016,dec
Elbert,2309,10259,5681,18249,159,528,517,1204,19453,2016,dec
Fremont,5166,12052,9560,26778,683,1313,1972,3968,30746,2016,dec
Garfield,8240,10488,13240,31968,766,1106,2434,4306,36274,2016,dec
Gilpin,1262,1151,1834,4247,234,201,447,882,5129,2016,dec
Grand,2330,4299,3757,10386,296,405,757,1458,11844,2016,dec
Gunnison,3617,2881,4736,11234,406,380,936,1722,12956,2016,dec
Hinsdale,111,411,158,680,10,36,24,70,750,2016,dec
Huerfano,2043,1232,1205,4480,196,148,277,621,5101,2016,dec
Jackson,112,686,178,976,31,108,69,208,1184,2016,dec
Jefferson,117671,118146,147883,383700,13714,12380,22604,48698,432398,2016,dec
Kiowa,145,573,238,956,16,37,38,91,1047,2016,dec
Kit Carson,580,2560,1176,4316,57,174,257,488,4804,2016,dec
La Plata,12236,11323,13323,36882,2227,2116,3603,7946,44828,2016,dec
Lake,1872,804,1438,4114,230,117,343,690,4804,2016,dec
Larimer,64322,73419,91377,229118,4108,4356,11418,19882,249000,2016,dec
Las Animas,3966,2237,2185,8388,716,581,741,2038,10426,2016,dec
Lincoln,395,1714,653,2762,73,169,187,429,3191,2016,dec
Logan,1863,5917,3576,11356,228,427,776,1431,12787,2016,dec
Mesa,17897,41227,33070,92194,4647,8816,11369,24832,117026,2016,dec
Mineral,266,321,143,730,32,39,37,108,838,2016,dec
Moffat,859,4331,2263,7453,317,819,1005,2141,9594,2016,dec
Montezuma,3706,7646,5080,16432,863,1211,1633,3707,20139,2016,dec
Montrose,4569,12001,8325,24895,458,1004,1335,2797,27692,2016,dec
Morgan,2950,6473,5147,14570,345,494,815,1654,16224,2016,dec
Otero,3432,3977,3330,10739,380,292,640,1312,12051,2016,dec
Ouray,1164,1317,1323,3804,144,255,284,683,4487,2016,dec
Park,2526,5041,4646,12213,264,487,700,1451,13664,2016,dec
Phillips,430,1577,701,2708,122,247,195,564,3272,2016,dec
Pitkin,4884,2159,5685,12728,631,370,1169,2170,14898,2016,dec
Prowers,1387,2948,1889,6224,181,367,561,1109,7333,2016,dec
Pueblo,42224,25669,31369,99262,2966,1694,4618,9278,108540,2016,dec
Rio Blanco,340,2776,812,3928,34,192,252,478,4406,2016,dec
Rio Grande,2169,2775,1817,6761,237,311,446,994,7755,2016,dec
Routt,5180,4760,7054,16994,809,827,1650,3286,20280,2016,dec
Saguache,1670,850,1107,3627,331,146,382,859,4486,2016,dec
San Juan,170,134,289,593,34,32,74,140,733,2016,dec
San Miguel,2508,928,1893,5329,402,165,484,1051,6380,2016,dec
Sedgwick,249,902,425,1576,33,102,93,228,1804,2016,dec
Summit,6279,4619,9116,20014,1804,1452,3731,6987,27001,2016,dec
Teller,2771,8326,5771,16868,345,803,988,2136,19004,2016,dec
Washington,276,2221,557,3054,33,147,94,274,3328,2016,dec
Weld,38339,63121,62072,163532,4712,6133,10073,20918,184450,2016,dec
Yuma,829,3096,1627,5552,106,287,293,686,6238,2016,dec
Adams,87533,62408,94480,244421,6510,4337,11656,22503,266924,2017,feb
Alamosa,3315,2572,2713,8600,314,215,544,1073,9673,2017,feb
Arapahoe,125923,108179,136263,370365,10515,7417,18377,36309,406674,2017,feb
Archuleta,2010,4206,2597,8813,358,574,466,1398,10211,2017,feb
Baca,603,1316,642,2561,36,68,111,215,2776,2017,feb
Bent,791,911,738,2440,160,138,217,515,2955,2017,feb
Boulder,96833,37012,82167,216012,6681,2633,10675,19989,236001,2017,feb
Broomfield,13282,12738,17618,43638,1137,1127,2238,4502,48140,2017,feb
Chaffee,3516,4665,4756,12937,241,333,702,1276,14213,2017,feb
Cheyenne,161,840,303,1304,16,53,37,106,1410,2017,feb
Clear Creek,2145,2090,2773,7008,206,184,428,818,7826,2017,feb
Conejos,2386,1776,754,4916,182,135,155,472,5388,2017,feb
Costilla,1555,381,494,2430,86,33,109,228,2658,2017,feb
Crowley,428,957,481,1866,42,50,79,171,2037,2017,feb
Custer,499,2151,832,3482,35,118,91,244,3726,2017,feb
Delta,3576,9490,6677,19743,202,474,724,1400,21143,2017,feb
Denver,197393,58577,144318,400288,16647,5878,23382,45907,446195,2017,feb
Dolores,339,699,408,1446,38,48,120,206,1652,2017,feb
Douglas,43761,98877,74213,216851,3256,6936,7665,17857,234708,2017,feb
Eagle,9190,7935,13397,30522,812,771,2159,3742,34264,2017,feb
El Paso,84766,163576,143333,391675,9449,12914,23085,45448,437123,2017,feb
Elbert,2312,10270,5726,18308,146,485,490,1121,19429,2017,feb
Fremont,5149,12044,9632,26825,500,972,1519,2991,29816,2017,feb
Garfield,8238,10508,13363,32109,473,639,1911,3023,35132,2017,feb
Gilpin,1258,1144,1835,4237,175,139,329,643,4880,2017,feb
Grand,2335,4308,3806,10449,150,230,486,866,11315,2017,feb
Gunnison,3629,2876,4752,11257,385,368,920,1673,12930,2017,feb
Hinsdale,114,414,151,679,9,34,22,65,744,2017,feb
Huerfano,2027,1234,1224,4485,145,112,204,461,4946,2017,feb
Jackson,112,684,180,976,30,108,69,207,1183,2017,feb
Jefferson,118027,118076,150138,386241,9329,8200,16460,33989,420230,2017,feb
Kiowa,143,575,237,955,11,31,35,77,1032,2017,feb
Kit Carson,581,2563,1194,4338,55,174,253,482,4820,2017,feb
La Plata,12236,11322,13432,36990,1529,1416,2765,5710,42700,2017,feb
Lake,1869,801,1434,4104,233,124,346,703,4807,2017,feb
Larimer,64180,73286,91965,229431,4017,4213,11144,19374,248805,2017,feb
Las Animas,3960,2247,2222,8429,558,407,556,1521,9950,2017,feb
Lincoln,390,1711,654,2755,60,142,160,362,3117,2017,feb
Logan,1842,5919,3613,11374,224,426,770,1420,12794,2017,feb
Mesa,17916,41251,33344,92511,4065,7478,10119,21662,114173,2017,feb
Mineral,266,319,146,731,16,26,25,67,798,2017,feb
Moffat,860,4346,2298,7504,311,806,995,2112,9616,2017,feb
Montezuma,3680,7660,5214,16554,559,745,1217,2521,19075,2017,feb
Montrose,4563,12023,8401,24987,259,646,913,1818,26805,2017,feb
Morgan,2941,6493,5181,14615,224,301,625,1150,15765,2017,feb
Otero,3435,3989,3395,10819,299,228,515,1042,11861,2017,feb
Ouray,1160,1311,1328,3799,113,214,238,565,4364,2017,feb
Park,2535,5051,4703,12289,256,468,678,1402,13691,2017,feb
Phillips,425,1574,704,2703,107,200,159,466,3169,2017,feb
Pitkin,4881,2153,5699,12733,623,367,1169,2159,14892,2017,feb
Prowers,1393,2959,1915,6267,138,293,455,886,7153,2017,feb
Pueblo,42263,25719,31729,99711,2930,1679,4560,9169,108880,2017,feb
Rio Blanco,339,2780,826,3945,33,188,247,468,4413,2017,feb
Rio Grande,2166,2770,1834,6770,228,292,439,959,7729,2017,feb
Routt,5182,4773,7109,17064,580,568,1278,2426,19490,2017,feb
Saguache,1667,849,1129,3645,187,86,263,536,4181,2017,feb
San Juan,170,134,295,599,22,20,57,99,698,2017,feb
San Miguel,2513,928,1905,5346,319,111,393,823,6169,2017,feb
Sedgwick,242,896,416,1554,29,92,93,214,1768,2017,feb
Summit,6288,4614,9120,20022,1568,1273,3240,6081,26103,2017,feb
Teller,2777,8384,5843,17004,339,767,955,2061,19065,2017,feb
Washington,276,2211,563,3050,31,143,90,264,3314,2017,feb
Weld,38513,63349,62749,164611,3233,4327,7686,15246,179857,2017,feb
Yuma,828,3091,1656,5575,69,171,183,423,5998,2017,feb
Adams,87421,62337,93965,243723,6565,4378,11777,22720,266443,2017,jan
Alamosa,3319,2580,2700,8599,315,217,546,1078,9677,2017,jan
Arapahoe,125817,108300,135808,369925,10510,7456,18545,36511,406436,2017,jan
Archuleta,2007,4194,2580,8781,360,577,469,1406,10187,2017,jan
Baca,607,1315,639,2561,36,67,113,216,2777,2017,jan
Bent,790,910,735,2435,162,139,219,520,2955,2017,jan
Boulder,96941,37099,81896,215936,6723,2653,10732,20108,236044,2017,jan
Broomfield,13298,12754,17552,43604,1132,1124,2247,4503,48107,2017,jan
Chaffee,3523,4663,4733,12919,243,331,704,1278,14197,2017,jan
Cheyenne,160,839,304,1303,16,53,37,106,1409,2017,jan
Clear Creek,2147,2086,2757,6990,206,184,430,820,7810,2017,jan
Conejos,2395,1775,756,4926,182,135,155,472,5398,2017,jan
Costilla,1561,382,494,2437,87,33,109,229,2666,2017,jan
Crowley,428,957,480,1865,42,52,79,173,2038,2017,jan
Custer,493,2150,821,3464,35,118,93,246,3710,2017,jan
Delta,3573,9478,6661,19712,202,472,721,1395,21107,2017,jan
Denver,198204,58925,144522,401651,17754,6178,25225,49157,450808,2017,jan
Dolores,341,697,406,1444,38,48,120,206,1650,2017,jan
Douglas,43763,98875,73930,216568,3241,6952,7656,17849,234417,2017,jan
Eagle,9187,7951,13351,30489,809,772,2165,3746,34235,2017,jan
El Paso,84713,163537,142582,390832,9461,12913,23136,45510,436342,2017,jan
Elbert,2313,10262,5706,18281,146,497,493,1136,19417,2017,jan
Fremont,5156,12037,9595,26788,501,966,1523,2990,29778,2017,jan
Garfield,8242,10505,13303,32050,483,650,1928,3061,35111,2017,jan
Gilpin,1260,1150,1830,4240,174,139,331,644,4884,2017,jan
Grand,2327,4309,3794,10430,151,231,481,863,11293,2017,jan
Gunnison,3623,2877,4734,11234,389,369,923,1681,12915,2017,jan
Hinsdale,110,413,156,679,9,34,22,65,744,2017,jan
Huerfano,2043,1234,1220,4497,147,113,204,464,4961,2017,jan
Jackson,112,685,180,977,30,108,69,207,1184,2017,jan
Jefferson,118091,118257,149764,386112,9465,8379,16691,34535,420647,2017,jan
Kiowa,144,575,236,955,11,32,34,77,1032,2017,jan
Kit Carson,581,2556,1183,4320,56,176,253,485,4805,2017,jan
La Plata,12228,11317,13380,36925,1538,1430,2771,5739,42664,2017,jan
Lake,1871,801,1439,4111,231,124,344,699,4810,2017,jan
Larimer,64218,73323,91666,229207,4051,4268,11213,19532,248739,2017,jan
Las Animas,3966,2238,2197,8401,711,577,737,2025,10426,2017,jan
Lincoln,391,1716,655,2762,60,142,160,362,3124,2017,jan
Logan,1851,5909,3597,11357,226,427,773,1426,12783,2017,jan
Mesa,17877,41189,33214,92280,4063,7461,10124,21648,113928,2017,jan
Mineral,267,320,145,732,16,26,25,67,799,2017,jan
Moffat,860,4332,2263,7455,311,810,1001,2122,9577,2017,jan
Montezuma,3692,7688,5192,16572,557,741,1224,2522,19094,2017,jan
Montrose,4568,12010,8372,24950,263,648,919,1830,26780,2017,jan
Morgan,2949,6485,5161,14595,227,302,631,1160,15755,2017,jan
Otero,3437,3986,3364,10787,302,227,519,1048,11835,2017,jan
Ouray,1167,1312,1327,3806,114,214,238,566,4372,2017,jan
Park,2536,5045,4665,12246,261,474,687,1422,13668,2017,jan
Phillips,429,1573,700,2702,108,201,161,470,3172,2017,jan
Pitkin,4883,2153,5695,12731,630,370,1169,2169,14900,2017,jan
Prowers,1393,2947,1901,6241,138,294,459,891,7132,2017,jan
Pueblo,42257,25678,31564,99499,2948,1686,4582,9216,108715,2017,jan
Rio Blanco,341,2778,824,3943,33,186,248,467,4410,2017,jan
Rio Grande,2170,2776,1828,6774,231,302,441,974,7748,2017,jan
Routt,5176,4770,7080,17026,581,571,1287,2439,19465,2017,jan
Saguache,1667,847,1123,3637,188,87,264,539,4176,2017,jan
San Juan,171,134,291,596,22,20,57,99,695,2017,jan
San Miguel,2510,934,1899,5343,320,109,392,821,6164,2017,jan
Sedgwick,242,890,412,1544,31,96,93,220,1764,2017,jan
Summit,6276,4603,9093,19972,1568,1284,3256,6108,26080,2017,jan
Teller,2770,8372,5808,16950,340,774,962,2076,19026,2017,jan
Washington,275,2215,559,3049,31,143,90,264,3313,2017,jan
Weld,38479,63297,62462,164238,3297,4457,7826,15580,179818,2017,jan
Yuma,831,3099,1638,5568,69,171,186,426,5994,2017,jan
Adams,87632,62523,98100,248255,6439,4410,11485,22334,270589,2017,july
Alamosa,3297,2575,2846,8718,307,218,527,1052,9770,2017,july
Arapahoe,126393,107858,141113,375364,10344,7319,18050,35713,411077,2017,july
Archuleta,2008,4231,2754,8993,354,563,455,1372,10365,2017,july
Baca,586,1319,689,2594,32,67,106,205,2799,2017,july
Bent,792,919,778,2489,148,135,203,486,2975,2017,july
Boulder,96197,36496,83973,216666,6880,2715,10756,20351,237017,2017,july
Broomfield,13449,12689,18375,44513,1131,1143,2268,4542,49055,2017,july
Chaffee,3513,4679,4895,13087,241,321,695,1257,14344,2017,july
Cheyenne,159,838,312,1309,15,51,36,102,1411,2017,july
Clear Creek,2135,2091,2855,7081,203,184,426,813,7894,2017,july
Conejos,2377,1775,811,4963,176,128,150,454,5417,2017,july
Costilla,1551,386,520,2457,83,28,110,221,2678,2017,july
Crowley,432,956,517,1905,40,49,77,166,2071,2017,july
Custer,498,2185,871,3554,35,115,90,240,3794,2017,july
Delta,3561,9548,6867,19976,200,458,698,1356,21332,2017,july
Denver,196577,58002,147628,402207,16982,5913,23578,46473,448680,2017,july
Dolores,337,706,413,1456,37,48,117,202,1658,2017,july
Douglas,43985,99102,77024,220111,3333,7182,7776,18291,238402,2017,july
Eagle,9223,7962,13859,31044,811,761,2141,3713,34757,2017,july
El Paso,83436,161432,145536,390404,11619,15919,27010,54548,444952,2017,july
Elbert,2313,10355,5960,18628,151,492,478,1121,19749,2017,july
Fremont,5127,12094,9843,27064,501,984,1515,3000,30064,2017,july
Garfield,8215,10541,13916,32672,494,666,1902,3062,35734,2017,july
Gilpin,1251,1146,1887,4284,169,135,324,628,4912,2017,july
Grand,2359,4312,3975,10646,150,226,489,865,11511,2017,july
Gunnison,3636,2878,4889,11403,376,360,897,1633,13036,2017,july
Hinsdale,115,419,159,693,9,31,23,63,756,2017,july
Huerfano,2001,1253,1301,4555,148,111,202,461,5016,2017,july
Jackson,109,694,200,1003,30,107,68,205,1208,2017,july
Jefferson,117901,117195,154277,389373,9305,8235,16404,33944,423317,2017,july
Kiowa,139,579,241,959,11,27,31,69,1028,2017,july
Kit Carson,566,2567,1265,4398,58,172,244,474,4872,2017,july
La Plata,12040,11258,13702,37000,1687,1490,2939,6116,43116,2017,july
Lake,1834,812,1512,4158,234,129,343,706,4864,2017,july
Larimer,64031,73196,94373,231600,4076,4256,11109,19441,251041,2017,july
Las Animas,3946,2278,2313,8537,546,405,543,1494,10031,2017,july
Lincoln,387,1687,665,2739,62,145,159,366,3105,2017,july
Logan,1808,5912,3660,11380,229,421,754,1404,12784,2017,july
Mesa,17836,41187,34336,93359,4044,7546,10125,21715,115074,2017,july
Mineral,260,321,158,739,16,26,25,67,806,2017,july
Moffat,855,4368,2347,7570,308,789,970,2067,9637,2017,july
Montezuma,3663,7655,5337,16655,558,739,1201,2498,19153,2017,july
Montrose,4543,12037,8729,25309,257,646,898,1801,27110,2017,july
Morgan,2950,6507,5376,14833,216,305,610,1131,15964,2017,july
Otero,3443,4000,3549,10992,277,222,511,1010,12002,2017,july
Ouray,1146,1301,1405,3852,113,213,232,558,4410,2017,july
Park,2538,5111,4945,12594,257,467,682,1406,14000,2017,july
Phillips,433,1583,724,2740,104,196,156,456,3196,2017,july
Pitkin,4881,2160,5843,12884,624,362,1160,2146,15030,2017,july
Prowers,1398,2987,2019,6404,133,281,439,853,7257,2017,july
Pueblo,42198,25842,32653,100693,2835,1683,4466,8984,109677,2017,july
Rio Blanco,333,2767,867,3967,34,181,246,461,4428,2017,july
Rio Grande,2162,2774,1928,6864,222,279,427,928,7792,2017,july
Routt,5200,4787,7288,17275,580,566,1272,2418,19693,2017,july
Saguache,1651,852,1194,3697,183,81,257,521,4218,2017,july
San Juan,172,137,307,616,22,19,56,97,713,2017,july
San Miguel,2505,929,1952,5386,324,112,393,829,6215,2017,july
Sedgwick,242,890,421,1553,31,90,96,217,1770,2017,july
Summit,6375,4620,9379,20374,1552,1252,3185,5989,26363,2017,july
Teller,2787,8456,6067,17310,336,783,943,2062,19372,2017,july
Washington,277,2204,607,3088,31,140,90,261,3349,2017,july
Weld,38613,63882,64810,167305,3232,4370,7602,15204,182509,2017,july
Yuma,806,3087,1729,5622,67,171,176,414,6036,2017,july
Adams,87751,62511,97273,247535,6413,4356,11445,22214,269749,2017,june
Alamosa,3302,2576,2807,8685,307,213,531,1051,9736,2017,june
Arapahoe,126707,108034,140052,374793,10467,7414,18186,36067,410860,2017,june
Archuleta,2010,4236,2724,8970,353,562,455,1370,10340,2017,june
Baca,586,1319,679,2584,33,65,106,204,2788,2017,june
Bent,791,913,767,2471,149,135,205,489,2960,2017,june
Boulder,96686,36651,83645,216982,6765,2681,10686,20132,237114,2017,june
Broomfield,13399,12697,18201,44297,1125,1131,2254,4510,48807,2017,june
Chaffee,3526,4679,4843,13048,240,327,699,1266,14314,2017,june
Cheyenne,159,840,310,1309,15,52,36,103,1412,2017,june
Clear Creek,2142,2104,2813,7059,204,184,428,816,7875,2017,june
Conejos,2379,1774,793,4946,179,128,150,457,5403,2017,june
Costilla,1551,385,519,2455,83,29,110,222,2677,2017,june
Crowley,431,958,512,1901,40,48,77,165,2066,2017,june
Custer,508,2173,854,3535,35,115,90,240,3775,2017,june
Delta,3566,9544,6828,19938,200,461,699,1360,21298,2017,june
Denver,197439,58253,147225,402917,16635,5822,23308,45765,448682,2017,june
Dolores,340,701,413,1454,37,48,119,204,1658,2017,june
Douglas,44078,99057,76476,219611,3271,7048,7666,17985,237596,2017,june
Eagle,9231,7971,13748,30950,806,766,2137,3709,34659,2017,june
El Paso,83276,160970,144005,388251,11689,16115,27072,54876,443127,2017,june
Elbert,2322,10331,5900,18553,146,485,480,1111,19664,2017,june
Fremont,5149,12105,9811,27065,500,980,1512,2992,30057,2017,june
Garfield,8249,10555,13784,32588,485,653,1894,3032,35620,2017,june
Gilpin,1257,1145,1875,4277,170,136,324,630,4907,2017,june
Grand,2353,4321,3916,10590,148,225,491,864,11454,2017,june
Gunnison,3649,2881,4856,11386,377,362,900,1639,13025,2017,june
Hinsdale,115,418,157,690,9,31,23,63,753,2017,june
Huerfano,2013,1244,1287,4544,145,111,201,457,5001,2017,june
Jackson,109,691,195,995,30,107,68,205,1200,2017,june
Jefferson,118187,117516,153424,389127,9227,8121,16290,33638,422765,2017,june
Kiowa,140,579,239,958,11,27,32,70,1028,2017,june
Kit Carson,568,2568,1257,4393,58,170,244,472,4865,2017,june
La Plata,12067,11269,13577,36913,1701,1493,2962,6156,43069,2017,june
Lake,1849,812,1499,4160,231,126,342,699,4859,2017,june
Larimer,64262,73275,93959,231496,4022,4210,11049,19281,250777,2017,june
Las Animas,3942,2261,2284,8487,549,405,553,1507,9994,2017,june
Lincoln,388,1688,664,2740,62,145,159,366,3106,2017,june
Logan,1822,5941,3655,11418,226,420,758,1404,12822,2017,june
Mesa,17864,41186,34107,93157,4055,7536,10117,21708,114865,2017,june
Mineral,262,319,152,733,16,26,25,67,800,2017,june
Moffat,861,4373,2328,7562,308,790,975,2073,9635,2017,june
Montezuma,3664,7658,5337,16659,559,739,1206,2504,19163,2017,june
Montrose,4554,12055,8659,25268,260,641,894,1795,27063,2017,june
Morgan,2961,6504,5330,14795,216,299,613,1128,15923,2017,june
Otero,3448,4002,3515,10965,283,222,510,1015,11980,2017,june
Ouray,1158,1309,1377,3844,112,211,233,556,4400,2017,june
Park,2546,5089,4865,12500,253,466,685,1404,13904,2017,june
Phillips,432,1577,722,2731,104,198,158,460,3191,2017,june
Pitkin,4901,2155,5810,12866,618,363,1166,2147,15013,2017,june
Prowers,1391,2982,1991,6364,134,281,441,856,7220,2017,june
Pueblo,42281,25865,32465,100611,2846,1668,4461,8975,109586,2017,june
Rio Blanco,340,2770,855,3965,34,183,246,463,4428,2017,june
Rio Grande,2155,2772,1909,6836,223,283,431,937,7773,2017,june
Routt,5206,4782,7268,17256,579,563,1269,2411,19667,2017,june
Saguache,1661,852,1180,3693,183,81,257,521,4214,2017,june
San Juan,171,137,307,615,22,19,56,97,712,2017,june
San Miguel,2500,925,1910,5335,324,112,392,828,6163,2017,june
Sedgwick,242,895,422,1559,31,91,96,218,1777,2017,june
Summit,6357,4607,9309,20273,1554,1257,3192,6003,26276,2017,june
Teller,2789,8454,6005,17248,331,767,934,2032,19280,2017,june
Washington,275,2204,601,3080,31,141,90,262,3342,2017,june
Weld,38666,63812,64352,166830,3216,4336,7594,15146,181976,2017,june
Yuma,816,3087,1708,5611,66,170,179,415,6026,2017,june
Adams,87530,62439,95146,245115,6469,4308,11540,22317,267432,2017,mar
Alamosa,3314,2576,2750,8640,311,214,538,1063,9703,2017,mar
Arapahoe,126220,108172,137246,371638,10526,7360,18250,36136,407774,2017,mar
Archuleta,2008,4222,2619,8849,355,572,462,1389,10238,2017,mar
Baca,602,1317,653,2572,36,67,110,213,2785,2017,mar
Bent,795,914,747,2456,158,137,214,509,2965,2017,mar
Boulder,96836,36941,82589,216366,6669,2636,10665,19970,236336,2017,mar
Broomfield,13297,12704,17749,43750,1122,1121,2235,4478,48228,2017,mar
Chaffee,3513,4673,4770,12956,240,332,697,1269,14225,2017,mar
Cheyenne,160,841,304,1305,16,53,37,106,1411,2017,mar
Clear Creek,2143,2098,2770,7011,207,183,424,814,7825,2017,mar
Conejos,2382,1777,757,4916,182,135,154,471,5387,2017,mar
Costilla,1552,381,502,2435,83,33,111,227,2662,2017,mar
Crowley,428,956,492,1876,42,49,78,169,2045,2017,mar
Custer,502,2158,839,3499,35,118,90,243,3742,2017,mar
Delta,3573,9493,6702,19768,200,474,718,1392,21160,2017,mar
Denver,197316,58482,145158,400956,16522,5829,23224,45575,446531,2017,mar
Dolores,340,700,409,1449,37,48,120,205,1654,2017,mar
Douglas,43799,98863,74778,217440,3245,6949,7644,17838,235278,2017,mar
Eagle,9192,7938,13461,30591,808,774,2151,3733,34324,2017,mar
El Paso,84958,163729,144537,393224,9427,12877,23006,45310,438534,2017,mar
Elbert,2315,10290,5767,18372,145,483,485,1113,19485,2017,mar
Fremont,5156,12062,9692,26910,503,973,1519,2995,29905,2017,mar
Garfield,8242,10512,13434,32188,477,644,1913,3034,35222,2017,mar
Gilpin,1255,1147,1844,4246,175,139,329,643,4889,2017,mar
Grand,2336,4308,3823,10467,150,228,485,863,11330,2017,mar
Gunnison,3633,2880,4784,11297,383,365,914,1662,12959,2017,mar
Hinsdale,114,412,151,677,9,33,22,64,741,2017,mar
Huerfano,2024,1239,1241,4504,144,112,202,458,4962,2017,mar
Jackson,112,690,184,986,30,108,68,206,1192,2017,mar
Jefferson,118050,117969,151026,387045,9267,8126,16367,33760,420805,2017,mar
Kiowa,143,575,238,956,11,29,35,75,1031,2017,mar
Kit Carson,576,2565,1207,4348,57,174,252,483,4831,2017,mar
La Plata,12220,11328,13526,37074,1526,1418,2761,5705,42779,2017,mar
Lake,1864,803,1453,4120,233,123,345,701,4821,2017,mar
Larimer,64194,73287,92545,230026,3978,4197,11071,19246,249272,2017,mar
Las Animas,3952,2245,2240,8437,556,406,555,1517,9954,2017,mar
Lincoln,391,1701,661,2753,62,142,160,364,3117,2017,mar
Logan,1836,5923,3629,11388,222,424,765,1411,12799,2017,mar
Mesa,17918,41305,33543,92766,4033,7425,10047,21505,114271,2017,mar
Mineral,266,317,149,732,16,26,25,67,799,2017,mar
Moffat,862,4374,2311,7547,309,797,985,2091,9638,2017,mar
Montezuma,3679,7647,5250,16576,558,741,1212,2511,19087,2017,mar
Montrose,4566,12031,8470,25067,258,645,904,1807,26874,2017,mar
Morgan,2949,6484,5225,14658,222,298,622,1142,15800,2017,mar
Otero,3432,3983,3430,10845,293,227,511,1031,11876,2017,mar
Ouray,1157,1310,1331,3798,113,213,237,563,4361,2017,mar
Park,2541,5064,4737,12342,253,472,682,1407,13749,2017,mar
Phillips,429,1572,707,2708,106,198,159,463,3171,2017,mar
Pitkin,4898,2154,5706,12758,623,365,1166,2154,14912,2017,mar
Prowers,1399,2966,1939,6304,136,284,448,868,7172,2017,mar
Pueblo,42272,25762,31933,99967,2899,1674,4525,9098,109065,2017,mar
Rio Blanco,340,2779,837,3956,34,186,248,468,4424,2017,mar
Rio Grande,2160,2773,1848,6781,226,290,437,953,7734,2017,mar
Routt,5189,4777,7151,17117,577,566,1271,2414,19531,2017,mar
Saguache,1669,849,1135,3653,186,83,261,530,4183,2017,mar
San Juan,173,136,302,611,22,20,57,99,710,2017,mar
San Miguel,2504,925,1905,5334,322,112,396,830,6164,2017,mar
Sedgwick,238,897,414,1549,31,92,95,218,1767,2017,mar
Summit,6312,4608,9138,20058,1568,1270,3220,6058,26116,2017,mar
Teller,2776,8404,5885,17065,338,762,951,2051,19116,2017,mar
Washington,278,2207,578,3063,32,141,90,263,3326,2017,mar
Weld,38568,63476,63142,165186,3213,4306,7628,15147,180333,2017,mar
Yuma,824,3098,1675,5597,68,170,182,420,6017,2017,mar
Adams,87639,62465,96347,246451,6424,4324,11470,22218,268669,2017,may
Alamosa,3312,2580,2790,8682,310,215,536,1061,9743,2017,may
Arapahoe,126581,108134,139044,373759,10464,7360,18171,35995,409754,2017,may
Archuleta,2007,4220,2684,8911,354,567,458,1379,10290,2017,may
Baca,593,1318,662,2573,34,66,108,208,2781,2017,may
Bent,790,914,764,2468,152,136,206,494,2962,2017,may
Boulder,96734,36757,83261,216752,6706,2658,10648,20012,236764,2017,may
Broomfield,13375,12714,18041,44130,1128,1123,2240,4491,48621,2017,may
Chaffee,3508,4678,4824,13010,243,328,701,1272,14282,2017,may
Cheyenne,159,840,309,1308,16,52,36,104,1412,2017,may
Clear Creek,2147,2096,2795,7038,206,183,424,813,7851,2017,may
Conejos,2377,1780,767,4924,181,133,153,467,5391,2017,may
Costilla,1549,385,512,2446,83,30,110,223,2669,2017,may
Crowley,429,961,505,1895,40,48,78,166,2061,2017,may
Custer,505,2174,841,3520,35,116,90,241,3761,2017,may
Delta,3560,9528,6777,19865,203,461,707,1371,21236,2017,may
Denver,197310,58313,146396,402019,16610,5827,23324,45761,447780,2017,may
Dolores,343,699,411,1453,37,47,119,203,1656,2017,may
Douglas,43990,98977,75760,218727,3254,6997,7675,17926,236653,2017,may
Eagle,9203,7959,13600,30762,812,770,2145,3727,34489,2017,may
El Paso,85298,163912,146601,395811,9383,12954,22968,45305,441116,2017,may
Elbert,2314,10307,5878,18499,144,483,477,1104,19603,2017,may
Fremont,5140,12063,9761,26964,496,976,1514,2986,29950,2017,may
Garfield,8254,10537,13638,32429,480,647,1895,3022,35451,2017,may
Gilpin,1256,1142,1870,4268,174,141,326,641,4909,2017,may
Grand,2336,4311,3876,10523,149,229,492,870,11393,2017,may
Gunnison,3647,2886,4823,11356,377,364,905,1646,13002,2017,may
Hinsdale,115,411,154,680,9,33,23,65,745,2017,may
Huerfano,2012,1245,1271,4528,145,113,202,460,4988,2017,may
Jackson,111,691,193,995,30,107,68,205,1200,2017,may
Jefferson,118077,117670,152419,388166,9239,8120,16331,33690,421856,2017,may
Kiowa,141,578,235,954,11,28,32,71,1025,2017,may
Kit Carson,569,2562,1236,4367,58,170,248,476,4843,2017,may
La Plata,12050,11249,13477,36776,1711,1501,2971,6183,42959,2017,may
Lake,1863,804,1475,4142,232,125,345,702,4844,2017,may
Larimer,64239,73264,93325,230828,3996,4189,11025,19210,250038,2017,may
Las Animas,3956,2257,2270,8483,550,405,553,1508,9991,2017,may
Lincoln,391,1696,661,2748,62,142,160,364,3112,2017,may
Logan,1824,5934,3635,11393,224,420,763,1407,12800,2017,may
Mesa,17867,41162,33817,92846,4059,7546,10148,21753,114599,2017,may
Mineral,262,319,150,731,16,26,25,67,798,2017,may
Moffat,858,4374,2315,7547,310,797,979,2086,9633,2017,may
Montezuma,3661,7662,5334,16657,560,741,1209,2510,19167,2017,may
Montrose,4557,12032,8588,25177,258,642,899,1799,26976,2017,may
Morgan,2954,6493,5284,14731,217,301,617,1135,15866,2017,may
Otero,3437,3994,3485,10916,286,226,510,1022,11938,2017,may
Ouray,1160,1311,1359,3830,112,213,233,558,4388,2017,may
Park,2545,5081,4823,12449,253,472,679,1404,13853,2017,may
Phillips,431,1576,715,2722,104,198,159,461,3183,2017,may
Pitkin,4910,2151,5768,12829,617,365,1168,2150,14979,2017,may
Prowers,1396,2971,1970,6337,135,283,443,861,7198,2017,may
Pueblo,42262,25807,32266,100335,2865,1669,4474,9008,109343,2017,may
Rio Blanco,340,2774,844,3958,34,184,247,465,4423,2017,may
Rio Grande,2159,2770,1877,6806,224,283,431,938,7744,2017,may
Routt,5192,4779,7220,17191,577,560,1270,2407,19598,2017,may
Saguache,1667,848,1161,3676,184,82,259,525,4201,2017,may
San Juan,171,138,308,617,22,19,56,97,714,2017,may
San Miguel,2500,925,1914,5339,323,112,394,829,6168,2017,may
Sedgwick,242,898,420,1560,31,90,95,216,1776,2017,may
Summit,6347,4607,9277,20231,1554,1262,3193,6009,26240,2017,may
Teller,2786,8436,5960,17182,333,777,940,2050,19232,2017,may
Washington,276,2205,598,3079,31,140,89,260,3339,2017,may
Weld,38648,63675,63864,166187,3214,4315,7609,15138,181325,2017,may
Yuma,817,3085,1693,5595,67,169,179,415,6010,2017,may
Adams,87324,62167,93498,242989,10458,7032,15605,33095,276084,2016,nov
Alamosa,3314,2565,2680,8559,462,317,718,1497,10056,2016,nov
Arapahoe,125695,108466,134528,368689,17580,12767,26390,56737,425426,2016,nov
Archuleta,1998,4179,2522,8699,468,760,716,1944,10643,2016,nov
Baca,610,1314,652,2576,53,109,116,278,2854,2016,nov
Bent,811,934,751,2496,147,122,201,470,2966,2016,nov
Boulder,97187,37246,80939,215372,16546,8323,25976,50845,266217,2016,nov
Broomfield,13249,12701,17306,43256,1773,1770,3160,6703,49959,2016,nov
Chaffee,3510,4666,4660,12836,407,552,943,1902,14738,2016,nov
Cheyenne,160,838,303,1301,21,71,50,142,1443,2016,nov
Clear Creek,2153,2082,2729,6964,284,256,537,1077,8041,2016,nov
Conejos,2401,1777,753,4931,353,256,228,837,5768,2016,nov
Costilla,1562,381,478,2421,199,87,217,503,2924,2016,nov
Crowley,433,963,471,1867,66,76,101,243,2110,2016,nov
Custer,489,2168,797,3454,65,198,157,420,3874,2016,nov
Delta,3581,9457,6555,19593,488,1023,1310,2821,22414,2016,nov
Denver,198753,59120,144407,402280,28855,10120,36384,75359,477639,2016,nov
Dolores,344,697,410,1451,55,65,140,260,1711,2016,nov
Douglas,43763,98558,72596,214917,4913,10911,10805,26629,241546,2016,nov
Eagle,9224,7963,13418,30605,1118,1076,2623,4817,35422,2016,nov
El Paso,84597,163263,140534,388394,16282,22097,35035,73414,461808,2016,nov
Elbert,2300,10224,5628,18152,270,869,744,1883,20035,2016,nov
Fremont,5198,12009,9518,26725,697,1328,1991,4016,30741,2016,nov
Garfield,8236,10455,13157,31848,771,1115,2446,4332,36180,2016,nov
Gilpin,1264,1157,1809,4230,236,207,449,892,5122,2016,nov
Grand,2332,4294,3710,10336,301,412,760,1473,11809,2016,nov
Gunnison,3684,2920,4902,11506,462,417,989,1868,13374,2016,nov
Hinsdale,110,412,158,680,10,36,24,70,750,2016,nov
Huerfano,2048,1234,1203,4485,198,148,278,624,5109,2016,nov
Jackson,118,691,194,1003,28,124,63,215,1218,2016,nov
Jefferson,117951,118334,148298,384583,13744,12414,22646,48804,433387,2016,nov
Kiowa,145,573,231,949,16,37,40,93,1042,2016,nov
Kit Carson,584,2548,1166,4298,86,263,325,674,4972,2016,nov
La Plata,12243,11286,13208,36737,2250,2147,3650,8047,44784,2016,nov
Lake,1882,800,1434,4116,495,271,735,1501,5617,2016,nov
Larimer,64438,73412,90798,228648,6878,7175,16289,30342,258990,2016,nov
Las Animas,3967,2236,2169,8372,721,583,747,2051,10423,2016,nov
Lincoln,398,1710,653,2761,73,172,189,434,3195,2016,nov
Logan,1872,5914,3548,11334,319,645,981,1945,13279,2016,nov
Mesa,17952,41218,32884,92054,4682,8892,11466,25040,117094,2016,nov
Mineral,266,321,143,730,32,39,37,108,838,2016,nov
Moffat,862,4342,2278,7482,389,989,1193,2571,10053,2016,nov
Montezuma,3711,7651,5088,16450,864,1207,1626,3697,20147,2016,nov
Montrose,4573,11989,8258,24820,461,1020,1356,2837,27657,2016,nov
Morgan,2950,6445,5097,14492,348,502,830,1680,16172,2016,nov
Otero,3421,3963,3299,10683,425,341,680,1446,12129,2016,nov
Ouray,1163,1319,1310,3792,147,258,286,691,4483,2016,nov
Park,2583,5087,4806,12476,382,693,848,1923,14399,2016,nov
Phillips,431,1574,695,2700,122,251,198,571,3271,2016,nov
Pitkin,4881,2155,5668,12704,822,496,1391,2709,15413,2016,nov
Prowers,1392,2950,1868,6210,182,372,567,1121,7331,2016,nov
Pueblo,42154,25521,31032,98707,5763,3492,7872,17127,115834,2016,nov
Rio Blanco,343,2776,801,3920,59,328,368,755,4675,2016,nov
Rio Grande,2173,2778,1802,6753,352,464,540,1356,8109,2016,nov
Routt,5175,4742,7020,16937,813,822,1645,3280,20217,2016,nov
Saguache,1670,846,1097,3613,332,147,386,865,4478,2016,nov
San Juan,172,137,286,595,34,32,74,140,735,2016,nov
San Miguel,2515,921,1883,5319,403,166,480,1049,6368,2016,nov
Sedgwick,252,902,420,1574,34,105,96,235,1809,2016,nov
Summit,6272,4608,9030,19910,1827,1470,3777,7074,26984,2016,nov
Teller,2781,8306,5723,16810,474,1150,1278,2902,19712,2016,nov
Washington,280,2202,552,3034,44,183,110,337,3371,2016,nov
Weld,38139,62608,62122,162869,4773,6213,10218,21204,184073,2016,nov
Yuma,832,3089,1622,5543,108,294,299,701,6244,2016,nov
Adams,88089,62678,100717,251484,6415,4450,11491,22356,273840,2017,oct
Alamosa,3308,2578,2944,8830,303,212,523,1038,9868,2017,oct
Arapahoe,126879,107203,144874,378956,10534,7587,18257,36378,415334,2017,oct
Archuleta,2041,4261,2907,9209,350,550,451,1351,10560,2017,oct
Baca,575,1322,719,2616,32,68,101,201,2817,2017,oct
Bent,793,928,819,2540,143,131,196,470,3010,2017,oct
Boulder,96755,36224,86382,219361,6971,2755,10767,20493,239854,2017,oct
Broomfield,13604,12763,18955,45322,1163,1149,2291,4603,49925,2017,oct
Chaffee,3557,4680,5081,13318,242,319,700,1261,14579,2017,oct
Cheyenne,154,835,316,1305,14,52,34,100,1405,2017,oct
Clear Creek,2149,2076,2937,7162,205,184,421,810,7972,2017,oct
Conejos,2372,1768,824,4964,172,125,148,445,5409,2017,oct
Costilla,1556,391,548,2495,80,28,110,218,2713,2017,oct
Crowley,443,961,530,1934,37,48,76,161,2095,2017,oct
Custer,516,2224,947,3687,34,111,90,235,3922,2017,oct
Delta,3574,9637,7064,20275,200,465,680,1345,21620,2017,oct
Denver,197067,57485,150948,405500,17532,6060,24034,47626,453126,2017,oct
Dolores,333,708,435,1476,36,47,112,195,1671,2017,oct
Douglas,44472,99499,79339,223310,3370,7320,7822,18512,241822,2017,oct
Eagle,9352,7986,14289,31627,799,755,2110,3664,35291,2017,oct
El Paso,84166,161994,149994,396154,11548,15826,27013,54387,450541,2017,oct
Elbert,2318,10411,6121,18850,148,507,474,1129,19979,2017,oct
Fremont,5180,12122,10032,27334,493,988,1505,2986,30320,2017,oct
Garfield,8293,10589,14276,33158,480,666,1874,3020,36178,2017,oct
Gilpin,1222,1109,1861,4192,197,166,403,766,4958,2017,oct
Grand,2396,4305,4098,10799,151,224,486,861,11660,2017,oct
Gunnison,3683,2871,4986,11540,366,353,884,1603,13143,2017,oct
Hinsdale,113,412,163,688,9,31,21,61,749,2017,oct
Huerfano,1981,1271,1388,4640,151,113,198,462,5102,2017,oct
Jackson,109,699,208,1016,30,105,68,203,1219,2017,oct
Jefferson,118580,117100,157710,393390,9291,8230,16417,33938,427328,2017,oct
Kiowa,138,585,247,970,11,27,30,68,1038,2017,oct
Kit Carson,566,2588,1301,4455,57,171,240,468,4923,2017,oct
La Plata,12067,11272,14240,37579,1692,1483,2900,6075,43654,2017,oct
Lake,1829,824,1586,4239,233,128,339,700,4939,2017,oct
Larimer,64323,73270,96616,234209,4171,4290,11111,19572,253781,2017,oct
Las Animas,3940,2332,2573,8845,534,395,534,1463,10308,2017,oct
Lincoln,392,1697,688,2777,58,142,159,359,3136,2017,oct
Logan,1806,5902,3708,11416,228,426,750,1404,12820,2017,oct
Mesa,17924,41280,35230,94434,3995,7480,9983,21458,115892,2017,oct
Mineral,259,317,166,742,16,26,25,67,809,2017,oct
Moffat,847,4382,2469,7698,308,805,961,2074,9772,2017,oct
Montezuma,3652,7662,5627,16941,561,751,1212,2524,19465,2017,oct
Montrose,4547,12132,8940,25619,259,653,886,1798,27417,2017,oct
Morgan,2949,6527,5528,15004,214,310,603,1127,16131,2017,oct
Otero,3460,4023,3690,11173,265,215,503,983,12156,2017,oct
Ouray,1149,1293,1446,3888,114,212,234,560,4448,2017,oct
Park,2558,5151,5086,12795,256,467,678,1401,14196,2017,oct
Phillips,433,1587,729,2749,100,192,154,446,3195,2017,oct
Pitkin,4895,2150,5913,12958,634,364,1163,2161,15119,2017,oct
Prowers,1404,2992,2089,6485,128,277,434,839,7324,2017,oct
Pueblo,42286,25970,33313,101569,2788,1685,4400,8873,110442,2017,oct
Rio Blanco,325,2774,907,4006,33,179,247,459,4465,2017,oct
Rio Grande,2161,2787,2004,6952,219,275,425,919,7871,2017,oct
Routt,5224,4801,7468,17493,570,564,1259,2393,19886,2017,oct
Saguache,1654,858,1264,3776,178,79,253,510,4286,2017,oct
San Juan,173,135,310,618,22,19,56,97,715,2017,oct
San Miguel,2519,939,2022,5480,320,111,394,825,6305,2017,oct
Sedgwick,245,897,434,1576,30,90,95,215,1791,2017,oct
Summit,6421,4639,9649,20709,1528,1237,3146,5911,26620,2017,oct
Teller,2798,8543,6294,17635,333,783,933,2049,19684,2017,oct
Washington,276,2197,612,3085,32,140,88,260,3345,2017,oct
Weld,38864,64337,66378,169579,3245,4407,7580,15232,184811,2017,oct
Yuma,796,3080,1806,5682,65,173,178,416,6098,2017,oct
Adams,87964,62626,99650,250240,6420,4420,11487,22327,272567,2017,sept
Alamosa,3308,2573,2909,8790,307,212,527,1046,9836,2017,sept
Arapahoe,126861,107504,143804,378169,10462,7459,18164,36085,414254,2017,sept
Archuleta,2028,4255,2849,9132,350,551,453,1354,10486,2017,sept
Baca,580,1324,709,2613,32,65,103,200,2813,2017,sept
Bent,791,924,805,2520,144,132,199,475,2995,2017,sept
Boulder,96321,36302,85247,217870,7069,2757,10864,20690,238560,2017,sept
Broomfield,13527,12726,18712,44965,1150,1153,2289,4592,49557,2017,sept
Chaffee,3551,4686,4999,13236,240,318,697,1255,14491,2017,sept
Cheyenne,156,840,311,1307,15,52,35,102,1409,2017,sept
Clear Creek,2147,2085,2893,7125,206,184,422,812,7937,2017,sept
Conejos,2375,1774,824,4973,173,127,149,449,5422,2017,sept
Costilla,1556,390,536,2482,80,28,110,218,2700,2017,sept
Crowley,436,961,528,1925,39,48,76,163,2088,2017,sept
Custer,507,2217,911,3635,34,112,90,236,3871,2017,sept
Delta,3569,9609,6984,20162,200,460,683,1343,21505,2017,sept
Denver,196904,57666,149820,404390,17457,6070,24010,47537,451927,2017,sept
Dolores,334,708,426,1468,36,47,114,197,1665,2017,sept
Douglas,44215,99319,78572,222106,3363,7334,7837,18534,240640,2017,sept
Eagle,9302,7968,14144,31414,800,762,2119,3681,35095,2017,sept
El Paso,83992,161875,148336,394203,11596,15850,27114,54560,448763,2017,sept
Elbert,2311,10374,6051,18736,150,507,476,1133,19869,2017,sept
Fremont,5145,12103,9955,27203,496,985,1509,2990,30193,2017,sept
Garfield,8266,10581,14142,32989,489,673,1892,3054,36043,2017,sept
Gilpin,1247,1143,1927,4317,167,132,326,625,4942,2017,sept
Grand,2379,4317,4066,10762,150,223,489,862,11624,2017,sept
Gunnison,3671,2869,4949,11489,373,354,886,1613,13102,2017,sept
Hinsdale,116,418,165,699,9,31,21,61,760,2017,sept
Huerfano,1991,1266,1369,4626,148,111,200,459,5085,2017,sept
Jackson,110,700,203,1013,30,106,68,204,1217,2017,sept
Jefferson,118272,117048,156257,391577,9284,8225,16417,33926,425503,2017,sept
Kiowa,137,581,247,965,11,27,30,68,1033,2017,sept
Kit Carson,562,2584,1292,4438,58,173,240,471,4909,2017,sept
La Plata,12054,11269,14060,37383,1705,1495,2931,6131,43514,2017,sept
Lake,1830,822,1562,4214,233,129,343,705,4919,2017,sept
Larimer,64237,73254,95797,233288,4186,4295,11153,19634,252922,2017,sept
Las Animas,3934,2318,2488,8740,541,400,544,1485,10225,2017,sept
Lincoln,388,1695,691,2774,58,142,154,354,3128,2017,sept
Logan,1809,5900,3693,11402,228,425,752,1405,12807,2017,sept
Mesa,17865,41195,34900,93960,4006,7504,10028,21538,115498,2017,sept
Mineral,262,318,159,739,16,26,25,67,806,2017,sept
Moffat,853,4362,2430,7645,308,798,965,2071,9716,2017,sept
Montezuma,3642,7652,5559,16853,566,754,1211,2531,19384,2017,sept
Montrose,4541,12103,8862,25506,259,651,891,1801,27307,2017,sept
Morgan,2949,6511,5474,14934,216,307,606,1129,16063,2017,sept
Otero,3462,4024,3624,11110,267,217,508,992,12102,2017,sept
Ouray,1140,1290,1426,3856,113,213,232,558,4414,2017,sept
Park,2551,5140,5031,12722,258,465,676,1399,14121,2017,sept
Phillips,433,1581,726,2740,101,193,155,449,3189,2017,sept
Pitkin,4885,2144,5885,12914,630,365,1169,2164,15078,2017,sept
Prowers,1404,2990,2062,6456,131,279,434,844,7300,2017,sept
Pueblo,42253,25931,33046,101230,2812,1683,4417,8912,110142,2017,sept
Rio Blanco,329,2775,895,3999,34,181,247,462,4461,2017,sept
Rio Grande,2163,2770,1971,6904,219,276,427,922,7826,2017,sept
Routt,5222,4807,7394,17423,574,562,1257,2393,19816,2017,sept
Saguache,1652,854,1224,3730,181,80,255,516,4246,2017,sept
San Juan,177,135,305,617,22,19,56,97,714,2017,sept
San Miguel,2513,933,1987,5433,323,111,393,827,6260,2017,sept
Sedgwick,244,896,425,1565,31,90,95,216,1781,2017,sept
Summit,6414,4639,9555,20608,1536,1244,3166,5946,26554,2017,sept
Teller,2795,8507,6203,17505,339,794,943,2076,19581,2017,sept
Washington,275,2198,605,3078,31,139,89,259,3337,2017,sept
Weld,38767,64149,65734,168650,3239,4403,7590,15232,183882,2017,sept
Yuma,796,3088,1790,5674,65,172,175,412,6086,2017,sept
Adams,76158,54626,81264,212048,13091,8157,17831,39079,251127,2016,apr
Alamosa,2961,2242,2215,7418,553,350,735,1638,9056,2016,apr
Arapahoe,109603,101266,118321,329190,22457,14623,32480,69560,398750,2016,apr
Archuleta,1852,3820,2299,7971,446,743,769,1958,9929,2016,apr
Baca,621,1199,674,2494,60,109,128,297,2791,2016,apr
Bent,761,844,655,2260,173,137,238,548,2808,2016,apr
Boulder,86578,34889,72878,194345,18825,9377,29686,57888,252233,2016,apr
Broomfield,11598,11996,14925,38519,2021,1942,3644,7607,46126,2016,apr
Chaffee,3246,4311,4253,11810,456,609,1040,2105,13915,2016,apr
Cheyenne,153,848,290,1291,18,54,48,120,1411,2016,apr
Clear Creek,1992,1944,2503,6439,305,299,589,1193,7632,2016,apr
Conejos,2323,1662,699,4684,393,287,239,919,5603,2016,apr
Costilla,1551,336,442,2329,192,88,200,480,2809,2016,apr
Crowley,418,908,451,1777,68,78,95,241,2018,2016,apr
Custer,477,2012,746,3235,55,207,168,430,3665,2016,apr
Delta,3350,8541,6153,18044,570,1214,1440,3224,21268,2016,apr
Denver,176413,54212,124906,355531,33797,11241,38978,84016,439547,2016,apr
Dolores,343,645,395,1383,56,77,146,279,1662,2016,apr
Douglas,39863,92519,64975,197357,6489,13417,13210,33116,230473,2016,apr
Eagle,8079,7395,11907,27381,1305,1175,3030,5510,32891,2016,apr
El Paso,76323,151561,127457,355341,16678,22432,34473,73583,428924,2016,apr
Elbert,2204,9260,5262,16726,268,971,824,2063,18789,2016,apr
Fremont,4986,10851,9022,24859,742,1390,2012,4144,29003,2016,apr
Garfield,7304,9311,12213,28828,862,1277,2688,4827,33655,2016,apr
Gilpin,1208,1054,1589,3851,258,227,520,1005,4856,2016,apr
Grand,2115,4071,3558,9744,294,424,793,1511,11255,2016,apr
Gunnison,3153,2591,4089,9833,573,528,1356,2457,12290,2016,apr
Hinsdale,106,386,153,645,11,36,26,73,718,2016,apr
Huerfano,1926,1105,1068,4099,217,170,291,678,4777,2016,apr
Jackson,115,656,180,951,30,141,70,241,1192,2016,apr
Jefferson,109334,112500,134927,356761,15660,13789,24895,54344,411105,2016,apr
Kiowa,150,548,236,934,13,33,38,84,1018,2016,apr
Kit Carson,575,2390,1126,4091,95,272,325,692,4783,2016,apr
La Plata,11068,10471,11545,33084,2443,2218,3941,8602,41686,2016,apr
Lake,1685,711,1133,3529,558,304,867,1729,5258,2016,apr
Larimer,58058,68074,79698,205830,8012,8312,18587,34911,240741,2016,apr
Las Animas,3825,1982,1922,7729,774,591,738,2103,9832,2016,apr
Lincoln,380,1548,641,2569,72,188,205,465,3034,2016,apr
Logan,1806,5447,3361,10614,356,701,1026,2083,12697,2016,apr
Mesa,16386,36774,29977,83137,5106,10004,12674,27784,110921,2016,apr
Mineral,284,302,132,718,31,31,44,106,824,2016,apr
Moffat,807,3813,2037,6657,428,1110,1371,2909,9566,2016,apr
Montezuma,3385,6896,4550,14831,981,1404,1854,4239,19070,2016,apr
Montrose,4232,10892,7614,22738,480,1110,1504,3094,25832,2016,apr
Morgan,2701,5715,4606,13022,405,572,871,1848,14870,2016,apr
Otero,3292,3736,3098,10126,457,379,684,1520,11646,2016,apr
Ouray,1023,1270,1227,3520,159,256,319,734,4254,2016,apr
Park,2366,4596,4178,11140,428,834,1087,2349,13489,2016,apr
Phillips,416,1451,676,2543,124,284,215,623,3166,2016,apr
Pitkin,4376,2089,5340,11805,914,543,1511,2968,14773,2016,apr
Prowers,1314,2743,1858,5915,227,427,582,1236,7151,2016,apr
Pueblo,39746,23455,28441,91642,6291,3506,7844,17641,109283,2016,apr
Rio Blanco,326,2507,775,3608,66,367,370,803,4411,2016,apr
Rio Grande,2012,2659,1651,6322,422,482,541,1445,7767,2016,apr
Routt,4629,4438,6329,15396,911,878,1860,3649,19045,2016,apr
Saguache,1627,790,1028,3445,336,152,392,880,4325,2016,apr
San Juan,169,135,278,582,42,36,81,159,741,2016,apr
San Miguel,2214,836,1758,4808,443,179,550,1172,5980,2016,apr
Sedgwick,255,852,399,1506,30,101,87,218,1724,2016,apr
Summit,5684,4323,8191,18198,1939,1572,4120,7631,25829,2016,apr
Teller,2582,7509,5320,15411,487,1172,1292,2951,18362,2016,apr
Washington,266,2057,492,2815,45,189,131,365,3180,2016,apr
Weld,33298,54749,55358,143405,5698,7020,11766,24484,167889,2016,apr
Yuma,819,2942,1589,5350,103,307,307,717,6067,2016,apr
Adams,79495,56772,83631,219898,13891,9188,17977,41056,260954,2016,aug
Alamosa,3001,2292,2269,7562,606,375,757,1738,9300,2016,aug
Arapahoe,114374,102557,123096,340027,23704,16361,29696,69761,409788,2016,aug
Archuleta,1883,3878,2322,8083,506,842,735,2083,10166,2016,aug
Baca,601,1263,616,2480,70,128,135,333,2813,2016,aug
Bent,755,885,658,2298,180,145,230,555,2853,2016,aug
Boulder,89307,35029,72690,197026,19823,9756,29116,58695,255721,2016,aug
Broomfield,12201,12036,15668,39905,2217,2171,3507,7895,47800,2016,aug
Chaffee,3380,4415,4240,12035,491,640,1027,2158,14193,2016,aug
Cheyenne,157,836,288,1281,22,72,50,144,1425,2016,aug
Clear Creek,2044,1966,2541,6551,322,317,575,1214,7765,2016,aug
Conejos,2267,1616,685,4568,453,350,241,1044,5612,2016,aug
Costilla,1533,351,428,2312,203,93,205,501,2813,2016,aug
Crowley,421,912,447,1780,74,100,91,265,2045,2016,aug
Custer,465,2105,733,3303,67,220,150,437,3740,2016,aug
Delta,3434,8813,6108,18355,575,1244,1451,3270,21625,2016,aug
Denver,184229,55052,129760,369041,35322,12352,38944,86618,455659,2016,aug
Dolores,348,668,385,1401,56,76,143,275,1676,2016,aug
Douglas,41194,93933,67001,202128,5947,12766,11631,30344,232472,2016,aug
Eagle,8444,7497,12236,28177,1408,1293,2994,5695,33872,2016,aug
El Paso,77866,153337,130510,361713,18490,25085,35417,78992,440705,2016,aug
Elbert,2234,9566,5276,17076,300,1065,762,2127,19203,2016,aug
Fremont,5027,11228,9098,25353,817,1541,1908,4266,29619,2016,aug
Garfield,7586,9559,12340,29485,959,1412,2729,5100,34585,2016,aug
Gilpin,1187,1060,1667,3914,303,247,473,1023,4937,2016,aug
Grand,2237,4152,3521,9910,324,449,769,1542,11452,2016,aug
Gunnison,3197,2587,4014,9798,661,583,1375,2619,12417,2016,aug
Hinsdale,105,401,146,652,15,32,20,67,719,2016,aug
Huerfano,1953,1137,1066,4156,235,183,292,710,4866,2016,aug
Jackson,115,652,182,949,31,151,67,249,1198,2016,aug
Jefferson,111498,112926,137893,362317,16877,15035,24995,56907,419224,2016,aug
Kiowa,148,563,222,933,18,37,39,94,1027,2016,aug
Kit Carson,575,2422,1128,4125,102,290,313,705,4830,2016,aug
La Plata,11268,10492,11594,33354,2744,2543,3928,9215,42569,2016,aug
Lake,1729,705,1172,3606,594,316,839,1749,5355,2016,aug
Larimer,60016,68536,82692,211244,8790,9222,18566,36578,247822,2016,aug
Las Animas,3803,2023,1978,7804,835,633,695,2163,9967,2016,aug
Lincoln,383,1620,594,2597,73,200,202,475,3072,2016,aug
Logan,1800,5598,3362,10760,377,753,977,2107,12867,2016,aug
Mesa,16916,37750,29388,84054,5231,10376,12639,28246,112300,2016,aug
Mineral,256,317,126,699,38,41,44,123,822,2016,aug
Moffat,811,3900,2072,6783,435,1125,1278,2838,9621,2016,aug
Montezuma,3481,7061,4520,15062,1004,1464,1877,4345,19407,2016,aug
Montrose,4318,11064,7708,23090,550,1297,1441,3288,26378,2016,aug
Morgan,2715,5892,4734,13341,430,639,816,1885,15226,2016,aug
Otero,3313,3793,3077,10183,497,434,688,1619,11802,2016,aug
Ouray,1077,1270,1236,3583,174,280,300,754,4337,2016,aug
Park,2437,4700,4291,11428,468,863,1030,2361,13789,2016,aug
Phillips,412,1495,662,2569,135,273,202,610,3179,2016,aug
Pitkin,4510,2032,5201,11743,1011,578,1707,3296,15039,2016,aug
Prowers,1316,2788,1844,5948,241,467,544,1252,7200,2016,aug
Pueblo,40479,24029,28747,93255,6689,3947,8370,19006,112261,2016,aug
Rio Blanco,330,2572,743,3645,68,397,367,832,4477,2016,aug
Rio Grande,2035,2652,1594,6281,434,540,576,1550,7831,2016,aug
Routt,4778,4475,6470,15723,973,938,1797,3708,19431,2016,aug
Saguache,1602,787,1033,3422,376,168,391,935,4357,2016,aug
San Juan,158,131,290,579,47,39,78,164,743,2016,aug
San Miguel,2377,853,1674,4904,470,194,527,1191,6095,2016,aug
Sedgwick,251,866,387,1504,34,110,92,236,1740,2016,aug
Summit,5841,4323,8447,18611,2113,1656,3965,7734,26345,2016,aug
Teller,2631,7592,5401,15624,523,1280,1224,3027,18651,2016,aug
Washington,265,2097,482,2844,46,212,118,376,3220,2016,aug
Weld,34679,56544,56515,147738,6171,8105,10964,25240,172978,2016,aug
Yuma,810,2972,1568,5350,114,343,297,754,6104,2016,aug
Adams,72435,52591,78527,203553,14486,8888,19342,42716,246269,2015,dec
Alamosa,2846,2196,2106,7148,589,386,780,1755,8903,2015,dec
Arapahoe,102870,98247,113576,314693,25192,16290,35292,76774,391467,2015,dec
Archuleta,1766,3720,2202,7688,457,787,799,2043,9731,2015,dec
Baca,629,1154,655,2438,66,129,138,333,2771,2015,dec
Bent,752,821,626,2199,184,149,259,592,2791,2015,dec
Boulder,80772,34273,71176,186221,20678,9980,31928,62586,248807,2015,dec
Broomfield,10834,11595,14310,36739,2237,2070,3934,8241,44980,2015,dec
Chaffee,3062,4266,4106,11434,510,670,1141,2321,13755,2015,dec
Cheyenne,152,844,288,1284,18,54,51,123,1407,2015,dec
Clear Creek,1902,1881,2435,6218,337,326,649,1312,7530,2015,dec
Conejos,2274,1639,677,4590,423,297,246,966,5556,2015,dec
Costilla,1547,324,423,2294,207,93,212,512,2806,2015,dec
Crowley,416,893,420,1729,72,83,104,259,1988,2015,dec
Custer,465,1892,735,3092,59,221,179,459,3551,2015,dec
Delta,3258,8364,6079,17701,579,1243,1410,3232,20933,2015,dec
Denver,164648,52188,120302,337138,37864,12418,42711,92993,430131,2015,dec
Dolores,342,624,396,1362,61,86,142,289,1651,2015,dec
Douglas,37891,90295,62778,190964,7169,14549,14306,36024,226988,2015,dec
Eagle,7486,7218,11572,26276,1402,1245,3239,5886,32162,2015,dec
El Paso,71211,146489,123463,341163,17965,24351,36785,79101,420264,2015,dec
Elbert,2121,8918,5136,16175,283,1056,905,2244,18419,2015,dec
Fremont,4886,10623,8617,24126,797,1470,2132,4399,28525,2015,dec
Garfield,6749,8854,11796,27399,1034,1541,3100,5675,33074,2015,dec
Gilpin,1136,1044,1563,3743,280,241,560,1081,4824,2015,dec
Grand,1987,4002,3478,9467,316,439,820,1575,11042,2015,dec
Gunnison,2882,2471,4001,9354,647,580,1493,2720,12074,2015,dec
Hinsdale,95,383,148,626,10,45,29,84,710,2015,dec
Huerfano,1897,1039,1019,3955,238,181,308,727,4682,2015,dec
Jackson,104,643,171,918,32,155,71,258,1176,2015,dec
Jefferson,104317,110214,131752,346283,17357,14953,27079,59389,405672,2015,dec
Kiowa,156,549,232,937,14,36,39,89,1026,2015,dec
Kit Carson,573,2357,1083,4013,98,288,349,735,4748,2015,dec
La Plata,10294,10124,11381,31799,2687,2402,4229,9318,41117,2015,dec
Lake,1594,692,1101,3387,589,312,897,1798,5185,2015,dec
Larimer,54154,66122,78123,198399,9112,9192,20422,38726,237125,2015,dec
Las Animas,3759,1894,1800,7453,818,623,779,2220,9673,2015,dec
Lincoln,390,1496,620,2506,75,199,229,503,3009,2015,dec
Logan,1798,5341,3258,10397,368,741,1065,2174,12571,2015,dec
Mesa,15661,35905,28940,80506,5419,10496,13395,29310,109816,2015,dec
Mineral,301,268,132,701,31,32,48,111,812,2015,dec
Moffat,793,3710,1977,6480,453,1183,1424,3060,9540,2015,dec
Montezuma,3193,6745,4441,14379,1026,1460,1913,4399,18778,2015,dec
Montrose,4071,10633,7436,22140,526,1192,1613,3331,25471,2015,dec
Morgan,2664,5499,4449,12612,449,640,931,2020,14632,2015,dec
Otero,3224,3600,2941,9765,502,440,737,1679,11444,2015,dec
Ouray,933,1252,1204,3389,169,273,341,783,4172,2015,dec
Park,2202,4473,4043,10718,463,893,1175,2531,13249,2015,dec
Phillips,403,1425,665,2493,134,300,236,670,3163,2015,dec
Pitkin,4173,2038,5317,11528,977,573,1598,3148,14676,2015,dec
Prowers,1281,2647,1745,5673,245,483,625,1353,7026,2015,dec
Pueblo,38889,22798,27754,89441,6674,3684,8195,18553,107994,2015,dec
Rio Blanco,312,2459,754,3525,70,379,379,828,4353,2015,dec
Rio Grande,1910,2561,1580,6051,472,558,604,1634,7685,2015,dec
Routt,4340,4347,6235,14922,1000,955,2001,3956,18878,2015,dec
Saguache,1570,758,1006,3334,353,162,412,927,4261,2015,dec
San Juan,157,127,273,557,45,39,92,176,733,2015,dec
San Miguel,2087,829,1838,4754,456,178,565,1199,5953,2015,dec
Sedgwick,245,846,377,1468,32,104,92,228,1696,2015,dec
Summit,5164,4168,8039,17371,2052,1619,4330,8001,25372,2015,dec
Teller,2469,7227,5135,14831,519,1276,1363,3158,17989,2015,dec
Washington,265,2026,469,2760,50,201,136,387,3147,2015,dec
Weld,31650,52888,52991,137529,6376,7863,12954,27193,164722,2015,dec
Yuma,786,2920,1530,5236,112,324,323,759,5995,2015,dec
Adams,74165,53493,79205,206863,14016,8583,18791,41390,248253,2016,feb
Alamosa,2911,2223,2144,7278,573,362,756,1691,8969,2016,feb
Arapahoe,105772,99691,114946,320409,23964,15388,34021,73373,393782,2016,feb
Archuleta,1812,3779,2234,7825,454,756,781,1991,9816,2016,feb
Baca,622,1173,673,2468,63,114,131,308,2776,2016,feb
Bent,754,829,635,2218,177,144,251,572,2790,2016,feb
Boulder,83582,34552,71257,189391,19627,9621,30723,59971,249362,2016,feb
Broomfield,11269,11830,14471,37570,2127,1997,3805,7929,45499,2016,feb
Chaffee,3174,4302,4142,11618,470,633,1086,2189,13807,2016,feb
Cheyenne,156,843,286,1285,18,56,49,123,1408,2016,feb
Clear Creek,1969,1931,2462,6362,326,312,618,1256,7618,2016,feb
Conejos,2303,1639,689,4631,407,293,242,942,5573,2016,feb
Costilla,1558,329,431,2318,197,88,206,491,2809,2016,feb
Crowley,416,898,427,1741,69,78,101,248,1989,2016,feb
Custer,473,1968,724,3165,57,211,172,440,3605,2016,feb
Delta,3338,8470,6135,17943,553,1195,1371,3119,21062,2016,feb
Denver,170689,53378,121139,345206,35786,11662,40844,88292,433498,2016,feb
Dolores,340,634,393,1367,59,84,146,289,1656,2016,feb
Douglas,39024,91686,63490,194200,6781,13800,13683,34264,228464,2016,feb
Eagle,7847,7300,11652,26799,1355,1206,3144,5705,32504,2016,feb
El Paso,73932,149206,124734,347872,17330,23184,35557,76071,423943,2016,feb
Elbert,2172,9116,5165,16453,276,1007,864,2147,18600,2016,feb
Fremont,4958,10796,8774,24528,767,1435,2088,4290,28818,2016,feb
Garfield,7121,9156,11956,28233,910,1343,2823,5076,33309,2016,feb
Gilpin,1189,1051,1562,3802,272,237,537,1046,4848,2016,feb
Grand,2050,4027,3486,9563,310,426,807,1543,11106,2016,feb
Gunnison,3062,2536,4029,9627,597,544,1420,2561,12188,2016,feb
Hinsdale,104,384,148,636,11,37,26,74,710,2016,feb
Huerfano,1924,1064,1024,4012,232,174,300,706,4718,2016,feb
Jackson,104,654,171,929,32,149,71,252,1181,2016,feb
Jefferson,106815,111437,132217,350469,16545,14293,26068,56906,407375,2016,feb
Kiowa,152,552,233,937,15,36,38,89,1026,2016,feb
Kit Carson,572,2367,1097,4036,96,276,337,709,4745,2016,feb
La Plata,10815,10327,11354,32496,2532,2271,4050,8853,41349,2016,feb
Lake,1650,699,1107,3456,573,309,873,1755,5211,2016,feb
Larimer,56612,67227,78358,202197,8439,8624,19395,36458,238655,2016,feb
Las Animas,3772,1941,1820,7533,796,598,760,2154,9687,2016,feb
Lincoln,393,1511,635,2539,74,195,215,484,3023,2016,feb
Logan,1799,5414,3301,10514,367,717,1048,2132,12646,2016,feb
Mesa,16081,36456,29333,81870,5228,10207,13000,28435,110305,2016,feb
Mineral,294,275,136,705,31,31,46,108,813,2016,feb
Moffat,802,3768,2009,6579,436,1129,1391,2956,9535,2016,feb
Montezuma,3328,6828,4461,14617,999,1434,1882,4315,18932,2016,feb
Montrose,4167,10794,7488,22449,499,1145,1559,3203,25652,2016,feb
Morgan,2698,5595,4512,12805,423,597,900,1920,14725,2016,feb
Otero,3254,3672,2999,9925,483,400,710,1593,11518,2016,feb
Ouray,986,1262,1218,3466,162,263,331,756,4222,2016,feb
Park,2313,4545,4100,10958,441,858,1126,2425,13383,2016,feb
Phillips,406,1431,670,2507,129,290,232,651,3158,2016,feb
Pitkin,4262,2062,5319,11643,948,562,1553,3063,14706,2016,feb
Prowers,1288,2693,1786,5767,241,461,617,1319,7086,2016,feb
Pueblo,39295,23169,27877,90341,6521,3610,8048,18179,108520,2016,feb
Rio Blanco,318,2469,761,3548,70,374,383,827,4375,2016,feb
Rio Grande,1965,2629,1613,6207,437,491,552,1480,7687,2016,feb
Routt,4513,4396,6234,15143,926,904,1905,3735,18878,2016,feb
Saguache,1603,774,1000,3377,347,157,406,910,4287,2016,feb
San Juan,164,129,275,568,43,39,89,171,739,2016,feb
San Miguel,2160,835,1769,4764,461,181,569,1211,5975,2016,feb
Sedgwick,247,851,389,1487,30,101,91,222,1709,2016,feb
Summit,5445,4244,8099,17788,1994,1593,4216,7803,25591,2016,feb
Teller,2536,7429,5188,15153,506,1206,1321,3033,18186,2016,feb
Washington,265,2039,477,2781,48,195,136,379,3160,2016,feb
Weld,32553,53946,53884,140383,6070,7475,12487,26032,166415,2016,feb
Yuma,798,2939,1558,5295,108,318,317,743,6038,2016,feb
Adams,73452,53174,78999,205625,14286,8774,19109,42169,247794,2016,jan
Alamosa,2887,2207,2124,7218,582,370,772,1724,8942,2016,jan
Arapahoe,104638,99335,114772,318745,24294,15488,34342,74124,392869,2016,jan
Archuleta,1793,3740,2208,7741,456,772,787,2015,9756,2016,jan
Baca,626,1159,668,2453,62,125,135,322,2775,2016,jan
Bent,754,825,626,2205,181,146,255,582,2787,2016,jan
Boulder,82540,34443,71051,188034,20214,9821,31398,61433,249467,2016,jan
Broomfield,11026,11703,14376,37105,2206,2053,3880,8139,45244,2016,jan
Chaffee,3127,4285,4109,11521,485,650,1108,2243,13764,2016,jan
Cheyenne,155,845,286,1286,18,55,49,122,1408,2016,jan
Clear Creek,1944,1913,2442,6299,328,318,628,1274,7573,2016,jan
Conejos,2297,1642,684,4623,413,295,246,954,5577,2016,jan
Costilla,1553,329,425,2307,199,88,207,494,2801,2016,jan
Crowley,414,893,423,1730,69,82,102,253,1983,2016,jan
Custer,467,1918,739,3124,57,216,174,447,3571,2016,jan
Delta,3301,8404,6086,17791,566,1214,1391,3171,20962,2016,jan
Denver,167678,52813,120781,341272,36558,11882,41494,89934,431206,2016,jan
Dolores,342,632,395,1369,61,85,142,288,1657,2016,jan
Douglas,38486,91002,63269,192757,6915,14029,13896,34840,227597,2016,jan
Eagle,7654,7273,11626,26553,1378,1224,3186,5788,32341,2016,jan
El Paso,72397,147694,124038,344129,17636,23673,36139,77448,421577,2016,jan
Elbert,2146,9007,5165,16318,282,1030,883,2195,18513,2016,jan
Fremont,4931,10725,8705,24361,778,1446,2104,4328,28689,2016,jan
Garfield,6977,8991,11880,27848,967,1442,2954,5363,33211,2016,jan
Gilpin,1168,1048,1564,3780,277,241,546,1064,4844,2016,jan
Grand,2023,4004,3478,9505,313,429,814,1556,11061,2016,jan
Gunnison,2983,2500,4016,9499,614,561,1446,2621,12120,2016,jan
Hinsdale,100,385,146,631,11,38,29,78,709,2016,jan
Huerfano,1910,1051,1024,3985,234,175,305,714,4699,2016,jan
Jackson,104,647,174,925,32,154,71,257,1182,2016,jan
Jefferson,105545,110767,131939,348251,16866,14495,26522,57883,406134,2016,jan
Kiowa,154,551,232,937,14,36,39,89,1026,2016,jan
Kit Carson,568,2370,1099,4037,98,277,341,716,4753,2016,jan
La Plata,10620,10238,11384,32242,2573,2313,4099,8985,41227,2016,jan
Lake,1622,697,1100,3419,580,310,880,1770,5189,2016,jan
Larimer,55284,66657,78264,200205,8706,8831,19776,37313,237518,2016,jan
Las Animas,3765,1921,1812,7498,802,601,764,2167,9665,2016,jan
Lincoln,388,1497,623,2508,76,198,227,501,3009,2016,jan
Logan,1793,5367,3276,10436,370,729,1057,2156,12592,2016,jan
Mesa,15879,36149,29135,81163,5305,10347,13179,28831,109994,2016,jan
Mineral,298,271,136,705,31,32,47,110,815,2016,jan
Moffat,799,3735,2000,6534,438,1138,1404,2980,9514,2016,jan
Montezuma,3293,6786,4443,14522,1008,1448,1897,4353,18875,2016,jan
Montrose,4104,10694,7447,22245,513,1176,1592,3281,25526,2016,jan
Morgan,2686,5532,4485,12703,433,611,917,1961,14664,2016,jan
Otero,3245,3634,2957,9836,488,416,717,1621,11457,2016,jan
Ouray,971,1262,1215,3448,163,265,334,762,4210,2016,jan
Park,2255,4511,4080,10846,452,875,1137,2464,13310,2016,jan
Phillips,405,1425,664,2494,132,296,234,662,3156,2016,jan
Pitkin,4242,2059,5304,11605,959,566,1580,3105,14710,2016,jan
Prowers,1286,2670,1761,5717,243,473,624,1340,7057,2016,jan
Pueblo,39017,22950,27818,89785,6603,3658,8120,18381,108166,2016,jan
Rio Blanco,315,2459,753,3527,71,377,383,831,4358,2016,jan
Rio Grande,1933,2600,1605,6138,442,504,563,1509,7647,2016,jan
Routt,4434,4365,6218,15017,948,921,1952,3821,18838,2016,jan
Saguache,1594,765,1004,3363,348,161,409,918,4281,2016,jan
San Juan,162,126,274,562,44,39,91,174,736,2016,jan
San Miguel,2142,834,1780,4756,453,181,571,1205,5961,2016,jan
Sedgwick,246,851,382,1479,31,102,92,225,1704,2016,jan
Summit,5341,4217,8095,17653,2013,1604,4258,7875,25528,2016,jan
Teller,2495,7323,5151,14969,513,1236,1336,3085,18054,2016,jan
Washington,269,2023,474,2766,49,195,133,377,3143,2016,jan
Weld,32016,53383,53456,138855,6268,7721,12765,26754,165609,2016,jan
Yuma,792,2931,1545,5268,109,318,323,750,6018,2016,jan
Adams,77923,55987,81338,215248,14642,9652,18547,42841,258089,2016,july
Alamosa,2952,2256,2204,7412,629,395,780,1804,9216,2016,july
Arapahoe,111010,101310,119084,331404,25626,17476,30489,73591,404995,2016,july
Archuleta,1860,3847,2242,7949,513,860,748,2121,10070,2016,july
Baca,610,1266,604,2480,71,127,137,335,2815,2016,july
Bent,755,876,648,2279,181,148,233,562,2841,2016,july
Boulder,87643,34805,72068,194516,20946,10108,28717,59771,254287,2016,july
Broomfield,11923,11929,15247,39099,2329,2283,3622,8234,47333,2016,july
Chaffee,3330,4380,4126,11836,513,670,1058,2241,14077,2016,july
Cheyenne,154,831,282,1267,23,77,50,150,1417,2016,july
Clear Creek,2017,1946,2498,6461,340,336,575,1251,7712,2016,july
Conejos,2268,1623,689,4580,464,352,230,1046,5626,2016,july
Costilla,1534,340,418,2292,218,101,207,526,2818,2016,july
Crowley,421,907,435,1763,75,106,91,272,2035,2016,july
Custer,459,2110,703,3272,68,232,151,451,3723,2016,july
Delta,3392,8718,5998,18108,605,1268,1477,3350,21458,2016,july
Denver,179087,54081,125036,358204,38157,13046,39588,90791,448995,2016,july
Dolores,348,657,376,1381,57,79,145,281,1662,2016,july
Douglas,40483,92815,65561,198859,6891,14449,12630,33970,232829,2016,july
Eagle,8248,7378,11844,27470,1506,1365,3071,5942,33412,2016,july
El Paso,76428,151514,127540,355482,19279,26117,35887,81283,436765,2016,july
Elbert,2204,9474,5197,16875,315,1114,787,2216,19091,2016,july
Fremont,5004,11085,8930,25019,852,1643,1947,4442,29461,2016,july
Garfield,7391,9403,12036,28830,1065,1522,2830,5417,34247,2016,july
Gilpin,1171,1049,1622,3842,313,254,485,1052,4894,2016,july
Grand,2227,4146,3431,9804,329,469,779,1577,11381,2016,july
Gunnison,3145,2566,3925,9636,706,608,1407,2721,12357,2016,july
Hinsdale,104,398,144,646,18,33,22,73,719,2016,july
Huerfano,1943,1116,1036,4095,245,192,299,736,4831,2016,july
Jackson,114,647,181,942,32,155,68,255,1197,2016,july
Jefferson,109728,112041,136089,357858,18119,15965,24569,58653,416511,2016,july
Kiowa,146,561,215,922,18,43,41,102,1024,2016,july
Kit Carson,573,2394,1110,4077,109,314,321,744,4821,2016,july
La Plata,11106,10379,11532,33017,2828,2582,3803,9213,42230,2016,july
Lake,1690,692,1081,3463,616,332,857,1805,5268,2016,july
Larimer,58513,67704,79900,206117,9580,9969,19163,38712,244829,2016,july
Las Animas,3775,1994,1931,7700,864,658,709,2231,9931,2016,july
Lincoln,377,1607,577,2561,74,206,209,489,3050,2016,july
Logan,1773,5548,3315,10636,390,767,998,2155,12791,2016,july
Mesa,16638,37226,28770,82634,5425,10766,12843,29034,111668,2016,july
Mineral,250,322,129,701,39,44,43,126,827,2016,july
Moffat,798,3828,2027,6653,450,1172,1322,2944,9597,2016,july
Montezuma,3456,7015,4489,14960,1025,1505,1830,4360,19320,2016,july
Montrose,4273,10959,7555,22787,572,1342,1471,3385,26172,2016,july
Morgan,2710,5859,4665,13234,439,657,831,1927,15161,2016,july
Otero,3273,3755,3049,10077,534,459,697,1690,11767,2016,july
Ouray,1062,1248,1209,3519,180,293,310,783,4302,2016,july
Park,2408,4673,4161,11242,492,897,1049,2438,13680,2016,july
Phillips,412,1484,652,2548,137,276,205,618,3166,2016,july
Pitkin,4380,2029,5057,11466,1075,603,1792,3470,14936,2016,july
Prowers,1298,2780,1811,5889,255,473,555,1283,7172,2016,july
Pueblo,39982,23763,27971,91716,6963,4060,8593,19616,111332,2016,july
Rio Blanco,321,2556,745,3622,75,407,363,845,4467,2016,july
Rio Grande,2024,2630,1545,6199,455,561,585,1601,7800,2016,july
Routt,4703,4431,6320,15454,1017,990,1834,3841,19295,2016,july
Saguache,1579,782,977,3338,404,172,404,980,4318,2016,july
San Juan,159,134,284,577,49,39,79,167,744,2016,july
San Miguel,2357,843,1644,4844,490,201,535,1226,6070,2016,july
Sedgwick,255,864,383,1502,35,109,93,237,1739,2016,july
Summit,5759,4285,8192,18236,2171,1680,4040,7891,26127,2016,july
Teller,2600,7515,5302,15417,548,1339,1257,3144,18561,2016,july
Washington,265,2095,479,2839,48,213,123,384,3223,2016,july
Weld,33842,55569,55072,144483,6509,8419,11168,26096,170579,2016,july
Yuma,811,2959,1549,5319,116,350,299,765,6084,2016,july
Adams,79976,57364,79648,216988,12436,7897,18883,39216,256204,2016,june
Alamosa,3052,2310,2167,7529,540,342,783,1665,9194,2016,june
Arapahoe,114824,104397,116678,335899,21275,14091,31240,66606,402505,2016,june
Archuleta,1924,3958,2198,8080,441,728,755,1924,10004,2016,june
Baca,625,1283,593,2501,62,109,136,307,2808,2016,june
Bent,771,886,636,2293,169,133,235,537,2830,2016,june
Boulder,90239,35836,70973,197048,18317,9212,28981,56510,253558,2016,june
Broomfield,12225,12345,14805,39375,1940,1900,3687,7527,46902,2016,june
Chaffee,3403,4449,4034,11886,447,591,1072,2110,13996,2016,june
Cheyenne,159,854,282,1295,18,53,50,121,1416,2016,june
Clear Creek,2071,1994,2465,6530,294,291,577,1162,7692,2016,june
Conejos,2348,1677,692,4717,387,286,230,903,5620,2016,june
Costilla,1568,353,418,2339,185,85,209,479,2818,2016,june
Crowley,433,940,433,1806,66,73,93,232,2038,2016,june
Custer,461,2183,655,3299,52,202,155,409,3708,2016,june
Delta,3443,8745,5897,18085,572,1225,1501,3298,21383,2016,june
Denver,184076,56109,121206,361391,32290,10979,40644,83913,445304,2016,june
Dolores,351,664,376,1391,55,73,149,277,1668,2016,june
Douglas,41427,94689,64131,200247,6347,13201,13541,33089,233336,2016,june
Eagle,8447,7600,11675,27722,1268,1144,3097,5509,33231,2016,june
El Paso,79091,154898,126112,360101,16285,22120,34876,73281,433382,2016,june
Elbert,2266,9605,5104,16975,256,962,799,2017,18992,2016,june
Fremont,5148,11308,8783,25239,722,1357,1964,4043,29282,2016,june
Garfield,7621,9657,11823,29101,831,1243,2858,4932,34033,2016,june
Gilpin,1228,1094,1578,3900,253,213,498,964,4864,2016,june
Grand,2252,4190,3406,9848,291,412,789,1492,11340,2016,june
Gunnison,3283,2657,3879,9819,560,518,1419,2497,12316,2016,june
Hinsdale,111,405,142,658,11,31,24,66,724,2016,june
Huerfano,1983,1146,1026,4155,208,164,299,671,4826,2016,june
Jackson,114,664,179,957,30,140,70,240,1197,2016,june
Jefferson,112671,114574,134698,361943,15128,13458,24103,52689,414632,2016,june
Kiowa,151,575,212,938,13,29,41,83,1021,2016,june
Kit Carson,588,2449,1096,4133,94,263,324,681,4814,2016,june
La Plata,11543,10758,11256,33557,2353,2175,3877,8405,41962,2016,june
Lake,1763,724,1068,3555,552,299,864,1715,5270,2016,june
Larimer,60422,69624,78139,208185,7736,8084,19466,35286,243471,2016,june
Las Animas,3901,2066,1898,7865,749,569,717,2035,9900,2016,june
Lincoln,386,1632,577,2595,67,182,209,458,3053,2016,june
Logan,1823,5628,3268,10719,350,691,1002,2043,12762,2016,june
Mesa,17143,38136,28324,83603,5001,9842,12925,27768,111371,2016,june
Mineral,260,336,129,725,30,30,43,103,828,2016,june
Moffat,818,3913,1989,6720,423,1090,1345,2858,9578,2016,june
Montezuma,3493,7073,4397,14963,970,1380,1847,4197,19160,2016,june
Montrose,4369,11149,7448,22966,481,1115,1493,3089,26055,2016,june
Morgan,2770,5946,4577,13293,388,551,844,1783,15076,2016,june
Otero,3364,3830,2992,10186,444,372,710,1526,11712,2016,june
Ouray,1080,1294,1188,3562,158,252,312,722,4284,2016,june
Park,2477,4755,4063,11295,421,814,1060,2295,13590,2016,june
Phillips,428,1487,654,2569,123,275,207,605,3174,2016,june
Pitkin,4542,2130,5302,11974,887,529,1482,2898,14872,2016,june
Prowers,1336,2831,1784,5951,211,403,563,1177,7128,2016,june
Pueblo,40306,23888,27287,91481,6653,3779,8774,19206,110687,2016,june
Rio Blanco,333,2599,736,3668,66,361,364,791,4459,2016,june
Rio Grande,2072,2711,1516,6299,403,473,593,1469,7768,2016,june
Routt,4801,4541,6228,15570,894,870,1841,3605,19175,2016,june
Saguache,1657,806,979,3442,330,148,407,885,4327,2016,june
San Juan,168,133,279,580,40,36,80,156,736,2016,june
San Miguel,2348,827,1598,4773,508,210,536,1254,6027,2016,june
Sedgwick,266,876,378,1520,29,96,94,219,1739,2016,june
Summit,5956,4422,8059,18437,1930,1559,4077,7566,26003,2016,june
Teller,2693,7699,5210,15602,481,1143,1263,2887,18489,2016,june
Washington,272,2112,465,2849,45,190,125,360,3209,2016,june
Weld,34865,56914,54068,145847,5430,6748,11344,23522,169369,2016,june
Yuma,831,3002,1538,5371,101,303,298,702,6073,2016,june
Adams,75383,54199,80139,209721,13487,8280,18221,39988,249709,2016,mar
Alamosa,2941,2238,2178,7357,558,353,742,1653,9010,2016,mar
Arapahoe,108096,100627,116226,324949,23234,14933,33262,71429,396378,2016,mar
Archuleta,1842,3806,2267,7915,449,746,774,1969,9884,2016,mar
Baca,625,1186,672,2483,61,112,131,304,2787,2016,mar
Bent,760,841,643,2244,176,138,243,557,2801,2016,mar
Boulder,85499,34765,71651,191915,19106,9474,30086,58666,250581,2016,mar
Broomfield,11468,11907,14678,38053,2072,1968,3714,7754,45807,2016,mar
Chaffee,3226,4317,4204,11747,462,616,1049,2127,13874,2016,mar
Cheyenne,154,845,286,1285,18,54,49,121,1406,2016,mar
Clear Creek,1980,1940,2489,6409,314,305,608,1227,7636,2016,mar
Conejos,2311,1661,693,4665,400,288,242,930,5595,2016,mar
Costilla,1557,334,436,2327,196,88,204,488,2815,2016,mar
Crowley,416,904,438,1758,69,79,99,247,2005,2016,mar
Custer,479,1989,739,3207,55,208,171,434,3641,2016,mar
Delta,3377,8567,6187,18131,543,1172,1349,3064,21195,2016,mar
Denver,174446,53919,122596,350961,34627,11412,39761,85800,436761,2016,mar
Dolores,343,637,396,1376,56,78,147,281,1657,2016,mar
Douglas,39542,92341,64108,195991,6630,13592,13463,33685,229676,2016,mar
Eagle,7997,7355,11774,27126,1324,1194,3086,5604,32730,2016,mar
El Paso,75387,150686,126078,352151,16970,22702,34942,74614,426765,2016,mar
Elbert,2195,9213,5207,16615,272,983,839,2094,18709,2016,mar
Fremont,4974,10848,8888,24710,755,1408,2051,4214,28924,2016,mar
Garfield,7268,9258,12059,28585,880,1302,2735,4917,33502,2016,mar
Gilpin,1199,1058,1577,3834,266,234,529,1029,4863,2016,mar
Grand,2102,4066,3510,9678,296,423,795,1514,11192,2016,mar
Gunnison,3142,2578,4060,9780,580,535,1378,2493,12273,2016,mar
Hinsdale,106,383,148,637,11,37,26,74,711,2016,mar
Huerfano,1926,1077,1037,4040,226,171,300,697,4737,2016,mar
Jackson,108,660,171,939,31,142,71,244,1183,2016,mar
Jefferson,108607,112315,133354,354276,16040,14006,25476,55522,409798,2016,mar
Kiowa,151,554,235,940,15,35,38,88,1028,2016,mar
Kit Carson,570,2383,1112,4065,96,273,333,702,4767,2016,mar
La Plata,11002,10419,11435,32856,2476,2237,3980,8693,41549,2016,mar
Lake,1673,708,1118,3499,566,305,867,1738,5237,2016,mar
Larimer,57697,67803,78876,204376,8158,8435,18932,35525,239901,2016,mar
Las Animas,3802,1971,1854,7627,785,593,752,2130,9757,2016,mar
Lincoln,388,1530,642,2560,72,193,208,473,3033,2016,mar
Logan,1806,5451,3322,10579,363,706,1037,2106,12685,2016,mar
Mesa,16301,36691,29609,82601,5167,10071,12815,28053,110654,2016,mar
Mineral,287,296,131,714,31,31,45,107,821,2016,mar
Moffat,799,3805,2010,6614,432,1115,1382,2929,9543,2016,mar
Montezuma,3361,6880,4500,14741,991,1413,1862,4266,19007,2016,mar
Montrose,4216,10884,7551,22651,491,1122,1528,3141,25792,2016,mar
Morgan,2700,5644,4558,12902,417,585,888,1890,14792,2016,mar
Otero,3282,3698,3035,10015,467,386,701,1554,11569,2016,mar
Ouray,1014,1265,1223,3502,159,257,322,738,4240,2016,mar
Park,2348,4581,4123,11052,434,844,1107,2385,13437,2016,mar
Phillips,412,1445,673,2530,125,284,225,634,3164,2016,mar
Pitkin,4371,2076,5318,11765,921,551,1529,3001,14766,2016,mar
Prowers,1300,2723,1821,5844,235,452,606,1293,7137,2016,mar
Pueblo,39572,23377,28131,91080,6399,3563,7938,17900,108980,2016,mar
Rio Blanco,328,2491,766,3585,70,370,381,821,4406,2016,mar
Rio Grande,1983,2648,1629,6260,430,487,547,1464,7724,2016,mar
Routt,4601,4428,6282,15311,918,888,1874,3680,18991,2016,mar
Saguache,1625,791,1009,3425,342,154,400,896,4321,2016,mar
San Juan,169,135,279,583,42,36,81,159,742,2016,mar
San Miguel,2202,838,1746,4786,447,180,559,1186,5972,2016,mar
Sedgwick,252,857,397,1506,30,101,91,222,1728,2016,mar
Summit,5586,4302,8140,18028,1943,1578,4151,7672,25700,2016,mar
Teller,2562,7488,5236,15286,496,1182,1303,2981,18267,2016,mar
Washington,264,2046,486,2796,47,193,133,373,3169,2016,mar
Weld,33087,54477,54572,142136,5841,7133,12056,25030,167166,2016,mar
Yuma,812,2940,1570,5322,106,313,311,730,6052,2016,mar
Adams,77689,55779,82178,215646,12788,8031,17510,38329,253975,2016,may
Alamosa,2990,2268,2242,7500,547,346,737,1630,9130,2016,may
Arapahoe,110874,101869,118944,331687,21991,14401,31925,68317,400004,2016,may
Archuleta,1882,3893,2233,8008,447,736,790,1973,9981,2016,may
Baca,620,1231,642,2493,60,109,135,304,2797,2016,may
Bent,767,865,647,2279,172,137,241,550,2829,2016,may
Boulder,88439,35366,71660,195465,18577,9317,29364,57258,252723,2016,may
Broomfield,11923,12160,14800,38883,1996,1916,3700,7612,46495,2016,may
Chaffee,3286,4325,4266,11877,448,597,1024,2069,13946,2016,may
Cheyenne,154,851,287,1292,18,53,51,122,1414,2016,may
Clear Creek,2027,1966,2473,6466,301,295,585,1181,7647,2016,may
Conejos,2330,1659,710,4699,391,287,233,911,5610,2016,may
Costilla,1549,345,431,2325,186,86,205,477,2802,2016,may
Crowley,421,925,442,1788,66,75,95,236,2024,2016,may
Custer,447,2110,705,3262,54,204,160,418,3680,2016,may
Delta,3370,8558,6018,17946,578,1258,1522,3358,21304,2016,may
Denver,179696,55034,123122,357852,33299,11183,39666,84148,442000,2016,may
Dolores,345,652,390,1387,56,75,149,280,1667,2016,may
Douglas,40653,93476,64886,199015,6444,13319,13089,32852,231867,2016,may
Eagle,8248,7489,11827,27564,1287,1159,3000,5446,33010,2016,may
El Paso,77635,153085,126465,357185,16538,22321,34918,73777,430962,2016,may
Elbert,2220,9399,5183,16802,266,968,818,2052,18854,2016,may
Fremont,5059,11068,8906,25033,730,1381,1990,4101,29134,2016,may
Garfield,7475,9472,11885,28832,854,1266,2856,4976,33808,2016,may
Gilpin,1210,1061,1606,3877,258,223,507,988,4865,2016,may
Grand,2177,4127,3480,9784,296,418,795,1509,11293,2016,may
Gunnison,3230,2624,3971,9825,566,522,1405,2493,12318,2016,may
Hinsdale,110,396,148,654,11,33,24,68,722,2016,may
Huerfano,1943,1114,1053,4110,215,169,301,685,4795,2016,may
Jackson,114,662,180,956,30,141,70,241,1197,2016,may
Jefferson,110775,113304,134879,358958,15438,13656,24545,53639,412597,2016,may
Kiowa,151,555,225,931,13,33,43,89,1020,2016,may
Kit Carson,574,2408,1106,4088,95,269,328,692,4780,2016,may
La Plata,11326,10620,11414,33360,2387,2190,3898,8475,41835,2016,may
Lake,1692,722,1129,3543,555,299,866,1720,5263,2016,may
Larimer,59370,68889,78755,207014,7892,8220,19172,35284,242298,2016,may
Las Animas,3860,2024,1893,7777,764,581,727,2072,9849,2016,may
Lincoln,381,1599,609,2589,71,186,200,457,3046,2016,may
Logan,1814,5551,3293,10658,354,697,1012,2063,12721,2016,may
Mesa,16463,36804,30290,83557,5046,9926,12512,27484,111041,2016,may
Mineral,259,329,131,719,30,31,43,104,823,2016,may
Moffat,814,3861,2014,6689,427,1099,1358,2884,9573,2016,may
Montezuma,3450,6995,4477,14922,973,1395,1853,4221,19143,2016,may
Montrose,4250,10940,7550,22740,485,1126,1512,3123,25863,2016,may
Morgan,2716,5840,4601,13157,397,562,858,1817,14974,2016,may
Otero,3308,3740,3121,10169,448,376,671,1495,11664,2016,may
Ouray,1055,1276,1202,3533,158,255,317,730,4263,2016,may
Park,2419,4686,4118,11223,428,825,1072,2325,13548,2016,may
Phillips,427,1475,653,2555,124,280,212,616,3171,2016,may
Pitkin,4428,2095,5378,11901,904,535,1497,2936,14837,2016,may
Prowers,1322,2779,1824,5925,213,410,570,1193,7118,2016,may
Pueblo,39608,23432,27256,90296,6879,3900,8925,19704,110000,2016,may
Rio Blanco,333,2543,757,3633,66,365,366,797,4430,2016,may
Rio Grande,2030,2684,1565,6279,417,477,593,1487,7766,2016,may
Routt,4689,4475,6332,15496,901,876,1846,3623,19119,2016,may
Saguache,1638,799,993,3430,336,149,410,895,4325,2016,may
San Juan,168,133,279,580,40,36,81,157,737,2016,may
San Miguel,2290,841,1711,4842,442,178,542,1162,6004,2016,may
Sedgwick,263,869,375,1507,30,98,94,222,1729,2016,may
Summit,5853,4375,8114,18342,1941,1561,4105,7607,25949,2016,may
Teller,2632,7559,5283,15474,485,1159,1280,2924,18398,2016,may
Washington,267,2080,476,2823,45,189,128,362,3185,2016,may
Weld,33892,55628,54892,144412,5587,6919,11591,24097,168509,2016,may
Yuma,823,2967,1567,5357,102,308,303,713,6070,2016,may
Adams,71777,52313,78150,202240,14761,9001,19606,43368,245608,2015,nov
Alamosa,2842,2176,2101,7119,595,398,797,1790,8909,2015,nov
Arapahoe,101369,97639,112833,311841,25575,16687,35839,78101,389942,2015,nov
Archuleta,1711,3698,2183,7592,462,804,806,2072,9664,2015,nov
Baca,631,1152,647,2430,66,132,139,337,2767,2015,nov
Bent,750,816,620,2186,185,153,260,598,2784,2015,nov
Boulder,78859,34144,71676,184679,21025,10096,32439,63560,248239,2015,nov
Broomfield,10548,11517,14257,36322,2277,2087,4005,8369,44691,2015,nov
Chaffee,2995,4239,4112,11346,519,690,1136,2345,13691,2015,nov
Cheyenne,151,841,288,1280,17,57,51,125,1405,2015,nov
Clear Creek,1894,1866,2430,6190,351,338,661,1350,7540,2015,nov
Conejos,2332,1676,710,4718,371,262,215,848,5566,2015,nov
Costilla,1545,319,422,2286,210,93,213,516,2802,2015,nov
Crowley,413,884,417,1714,76,96,105,277,1991,2015,nov
Custer,458,1880,728,3066,62,249,193,504,3570,2015,nov
Delta,3181,8321,6069,17571,607,1305,1441,3353,20924,2015,nov
Denver,161173,51811,120364,333348,38689,12614,43524,94827,428175,2015,nov
Dolores,351,642,409,1402,48,65,125,238,1640,2015,nov
Douglas,37433,89693,62280,189406,7226,14672,14416,36314,225720,2015,nov
Eagle,7345,7179,11519,26043,1451,1286,3327,6064,32107,2015,nov
El Paso,69355,144802,121378,335535,18616,25518,38323,82457,417992,2015,nov
Elbert,2085,8805,5099,15989,293,1112,931,2336,18325,2015,nov
Fremont,4847,10585,8525,23957,803,1509,2154,4466,28423,2015,nov
Garfield,6846,9166,12406,28418,794,1191,2366,4351,32769,2015,nov
Gilpin,1268,1161,1864,4293,135,114,262,511,4804,2015,nov
Grand,1949,3988,3484,9421,318,462,824,1604,11025,2015,nov
Gunnison,2752,2434,3972,9158,693,617,1563,2873,12031,2015,nov
Hinsdale,92,383,148,623,13,49,29,91,714,2015,nov
Huerfano,1877,1031,1015,3923,253,190,318,761,4684,2015,nov
Jackson,116,692,200,1008,21,107,42,170,1178,2015,nov
Jefferson,102384,109662,131243,343289,17854,15449,27873,61176,404465,2015,nov
Kiowa,156,545,232,933,15,38,41,94,1027,2015,nov
Kit Carson,575,2346,1072,3993,98,301,357,756,4749,2015,nov
La Plata,9943,10020,11373,31336,2778,2480,4371,9629,40965,2015,nov
Lake,1562,688,1089,3339,598,315,912,1825,5164,2015,nov
Larimer,52792,65901,78310,197003,9320,9318,20801,39439,236442,2015,nov
Las Animas,3762,1876,1786,7424,827,627,785,2239,9663,2015,nov
Lincoln,388,1483,614,2485,75,204,237,516,3001,2015,nov
Logan,1786,5339,3232,10357,380,757,1094,2231,12588,2015,nov
Mesa,15362,35500,28428,79290,5557,10846,13793,30196,109486,2015,nov
Mineral,300,265,133,698,32,33,48,113,811,2015,nov
Moffat,782,3707,1983,6472,458,1189,1431,3078,9550,2015,nov
Montezuma,3098,6724,4407,14229,1045,1483,1955,4483,18712,2015,nov
Montrose,4026,10551,7381,21958,558,1270,1656,3484,25442,2015,nov
Morgan,2644,5481,4420,12545,462,662,947,2071,14616,2015,nov
Otero,3207,3577,2908,9692,517,455,749,1721,11413,2015,nov
Ouray,922,1255,1207,3384,174,279,353,806,4190,2015,nov
Park,2162,4460,4033,10655,469,896,1190,2555,13210,2015,nov
Phillips,400,1414,660,2474,137,308,236,681,3155,2015,nov
Pitkin,4084,2030,5317,11431,994,581,1624,3199,14630,2015,nov
Prowers,1278,2636,1721,5635,247,487,626,1360,6995,2015,nov
Pueblo,38784,22727,27644,89155,6805,3776,8334,18915,108070,2015,nov
Rio Blanco,312,2453,744,3509,73,393,386,852,4361,2015,nov
Rio Grande,1891,2545,1562,5998,479,563,614,1656,7654,2015,nov
Routt,4244,4320,6215,14779,1016,968,2034,4018,18797,2015,nov
Saguache,1534,752,1014,3300,353,166,415,934,4234,2015,nov
San Juan,155,127,268,550,46,41,96,183,733,2015,nov
San Miguel,2014,825,1866,4705,458,178,574,1210,5915,2015,nov
Sedgwick,244,843,373,1460,31,105,93,229,1689,2015,nov
Summit,5058,4138,8026,17222,2057,1616,4326,7999,25221,2015,nov
Teller,2412,7156,5109,14677,543,1348,1409,3300,17977,2015,nov
Washington,259,2017,458,2734,50,204,137,391,3125,2015,nov
Weld,31016,52237,52291,135544,6696,8324,13545,28565,164109,2015,nov
Yuma,786,2917,1529,5232,115,343,326,784,6016,2015,nov
Adams,85874,60979,92895,239748,10614,7136,14774,32524,272272,2016,oct
Alamosa,3245,2487,2660,8392,485,322,667,1474,9866,2016,oct
Arapahoe,123535,107501,134729,365765,18407,13015,24818,56240,422005,2016,oct
Archuleta,1997,4141,2545,8683,444,737,650,1831,10514,2016,oct
Baca,607,1304,642,2553,57,113,122,292,2845,2016,oct
Bent,795,924,730,2449,157,127,210,494,2943,2016,oct
Boulder,96468,36861,81078,214407,16241,8368,24975,49584,263991,2016,oct
Broomfield,13139,12653,17355,43147,1726,1767,2877,6370,49517,2016,oct
Chaffee,3502,4643,4675,12820,404,551,856,1811,14631,2016,oct
Cheyenne,159,846,308,1313,21,64,45,130,1443,2016,oct
Clear Creek,2152,2078,2756,6986,275,255,475,1005,7991,2016,oct
Conejos,2361,1730,757,4848,376,279,223,878,5726,2016,oct
Costilla,1570,376,489,2435,187,85,197,469,2904,2016,oct
Crowley,437,961,483,1881,63,79,80,222,2103,2016,oct
Custer,497,2167,811,3475,62,192,131,385,3860,2016,oct
Delta,3563,9310,6541,19414,503,1047,1273,2823,22237,2016,oct
Denver,197348,58413,144823,400584,28254,10043,33482,71779,472363,2016,oct
Dolores,348,689,413,1450,53,68,136,257,1707,2016,oct
Douglas,43620,98285,72951,214856,4791,10668,9725,25184,240040,2016,oct
Eagle,9105,7864,13268,30237,1149,1098,2576,4823,35060,2016,oct
El Paso,84162,161742,142330,388234,15567,21379,31187,68133,456367,2016,oct
Elbert,2310,10151,5692,18153,253,870,629,1752,19905,2016,oct
Fremont,5195,11905,9737,26837,678,1290,1704,3672,30509,2016,oct
Garfield,8131,10233,13236,31600,759,1128,2260,4147,35747,2016,oct
Gilpin,1246,1144,1808,4198,240,210,419,869,5067,2016,oct
Grand,2333,4308,3766,10407,283,381,672,1336,11743,2016,oct
Gunnison,3585,2834,4716,11135,511,467,1101,2079,13214,2016,oct
Hinsdale,111,418,157,686,13,30,19,62,748,2016,oct
Huerfano,2029,1211,1186,4426,198,150,251,599,5025,2016,oct
Jackson,117,681,194,992,29,131,63,223,1215,2016,oct
Jefferson,117463,117395,148660,383518,13515,12332,20599,46446,429964,2016,oct
Kiowa,144,569,233,946,18,34,34,86,1032,2016,oct
Kit Carson,580,2535,1224,4339,85,255,275,615,4954,2016,oct
La Plata,12177,11153,13290,36620,2229,2174,3374,7777,44397,2016,oct
Lake,1839,776,1339,3954,525,291,773,1589,5543,2016,oct
Larimer,64104,72620,91160,227884,6678,7235,14849,28762,256646,2016,oct
Las Animas,3938,2212,2230,8380,745,577,634,1956,10336,2016,oct
Lincoln,398,1687,666,2751,71,174,166,411,3162,2016,oct
Logan,1874,5854,3628,11356,319,643,874,1836,13192,2016,oct
Mesa,17812,40405,32588,90805,4657,9097,11275,25029,115834,2016,oct
Mineral,265,327,143,735,31,33,33,97,832,2016,oct
Moffat,842,4254,2292,7388,395,994,1139,2528,9916,2016,oct
Montezuma,3649,7457,4938,16044,908,1317,1715,3940,19984,2016,oct
Montrose,4565,11803,8291,24659,441,1029,1237,2707,27366,2016,oct
Morgan,2898,6335,5176,14409,339,504,697,1540,15949,2016,oct
Otero,3417,3915,3295,10627,420,350,611,1381,12008,2016,oct
Ouray,1163,1314,1311,3788,140,256,260,656,4444,2016,oct
Park,2545,4980,4670,12195,402,747,909,2058,14253,2016,oct
Phillips,430,1566,705,2701,124,253,184,561,3262,2016,oct
Pitkin,4842,2142,5582,12566,826,496,1431,2753,15319,2016,oct
Prowers,1382,2932,1926,6240,182,376,478,1036,7276,2016,oct
Pueblo,42214,25457,31375,99046,5606,3401,7311,16318,115364,2016,oct
Rio Blanco,339,2684,814,3837,59,341,345,745,4582,2016,oct
Rio Grande,2164,2770,1758,6692,359,460,525,1344,8036,2016,oct
Routt,5142,4717,7060,16919,817,810,1544,3171,20090,2016,oct
Saguache,1659,832,1119,3610,328,146,355,829,4439,2016,oct
San Juan,171,134,288,593,38,35,71,144,737,2016,oct
San Miguel,2491,904,1854,5249,401,170,454,1025,6274,2016,oct
Sedgwick,252,903,432,1587,31,98,78,207,1794,2016,oct
Summit,6223,4582,9201,20006,1840,1464,3529,6833,26839,2016,oct
Teller,2786,8189,5817,16792,448,1114,1087,2649,19441,2016,oct
Washington,276,2187,545,3008,40,186,99,325,3333,2016,oct
Weld,37483,61235,62104,160822,4823,6391,9099,20313,181135,2016,oct
Yuma,839,3073,1640,5552,104,291,267,662,6214,2016,oct
Adams,81773,58179,87073,227025,12497,8363,16834,37694,264719,2016,sept
Alamosa,3129,2372,2494,7995,546,357,730,1633,9628,2016,sept
Arapahoe,117630,104065,127397,349092,21441,15060,27850,64351,413443,2016,sept
Archuleta,1936,3982,2414,8332,479,804,704,1987,10319,2016,sept
Baca,604,1268,635,2507,66,120,130,316,2823,2016,sept
Bent,763,890,672,2325,169,136,221,526,2851,2016,sept
Boulder,92216,35570,75962,203748,18409,9265,27679,55353,259101,2016,sept
Broomfield,12546,12212,16331,41089,1997,2034,3271,7302,48391,2016,sept
Chaffee,3411,4482,4416,12309,453,616,966,2035,14344,2016,sept
Cheyenne,158,838,299,1295,21,67,47,135,1430,2016,sept
Clear Creek,2073,2005,2607,6685,302,292,536,1130,7815,2016,sept
Conejos,2303,1654,731,4688,419,331,231,981,5669,2016,sept
Costilla,1547,364,456,2367,198,92,204,494,2861,2016,sept
Crowley,426,923,459,1808,71,93,91,255,2063,2016,sept
Custer,483,2113,771,3367,64,211,142,417,3784,2016,sept
Delta,3483,8970,6255,18708,548,1171,1386,3105,21813,2016,sept
Denver,189217,56114,135799,381130,32689,11554,37407,81650,462780,2016,sept
Dolores,348,677,396,1421,55,73,140,268,1689,2016,sept
Douglas,42059,95215,69176,206450,5505,12058,10987,28550,235000,2016,sept
Eagle,8684,7610,12639,28933,1313,1240,2847,5400,34333,2016,sept
El Paso,80285,155914,135101,371300,17143,23522,33755,74420,445720,2016,sept
Elbert,2251,9748,5392,17391,287,1003,721,2011,19402,2016,sept
Fremont,5097,11466,9321,25884,765,1457,1843,4065,29949,2016,sept
Garfield,7809,9765,12667,30241,897,1306,2588,4791,35032,2016,sept
Gilpin,1207,1079,1706,3992,274,237,462,973,4965,2016,sept
Grand,2276,4202,3618,10096,311,421,732,1464,11560,2016,sept
Gunnison,3371,2667,4271,10309,597,540,1279,2416,12725,2016,sept
Hinsdale,106,406,152,664,15,31,19,65,729,2016,sept
Huerfano,1991,1166,1120,4277,217,174,274,665,4942,2016,sept
Jackson,116,659,183,958,29,146,65,240,1198,2016,sept
Jefferson,113407,114057,141388,368852,15569,14100,23523,53192,422044,2016,sept
Kiowa,143,562,222,927,18,36,38,92,1019,2016,sept
Kit Carson,575,2445,1170,4190,97,285,300,682,4872,2016,sept
La Plata,11687,10676,12298,34661,2544,2452,3740,8736,43397,2016,sept
Lake,1752,737,1241,3730,570,306,811,1687,5417,2016,sept
Larimer,61920,69810,86253,217983,7911,8605,17243,33759,251742,2016,sept
Las Animas,3846,2084,2053,7983,795,609,681,2085,10068,2016,sept
Lincoln,385,1632,602,2619,72,191,185,448,3067,2016,sept
Logan,1827,5661,3485,10973,351,724,941,2016,12989,2016,sept
Mesa,17287,38550,30727,86564,4986,9920,12147,27053,113617,2016,sept
Mineral,260,320,130,710,36,37,39,112,822,2016,sept
Moffat,821,4006,2154,6981,417,1074,1221,2712,9693,2016,sept
Montezuma,3534,7181,4677,15392,969,1413,1833,4215,19607,2016,sept
Montrose,4410,11312,7930,23652,502,1211,1386,3099,26751,2016,sept
Morgan,2760,6021,4940,13721,392,609,774,1775,15496,2016,sept
Otero,3348,3816,3179,10343,460,399,654,1513,11856,2016,sept
Ouray,1106,1284,1269,3659,160,273,295,728,4387,2016,sept
Park,2466,4770,4417,11653,444,832,998,2274,13927,2016,sept
Phillips,415,1520,678,2613,132,266,196,594,3207,2016,sept
Pitkin,4649,2073,5331,12053,936,544,1597,3077,15130,2016,sept
Prowers,1330,2834,1872,6036,221,439,515,1175,7211,2016,sept
Pueblo,41078,24453,29793,95324,6249,3775,7982,18006,113330,2016,sept
Rio Blanco,330,2596,766,3692,68,381,360,809,4501,2016,sept
Rio Grande,2086,2688,1668,6442,404,514,558,1476,7918,2016,sept
Routt,4881,4519,6608,16008,916,891,1718,3525,19533,2016,sept
Saguache,1618,807,1064,3489,347,154,378,879,4368,2016,sept
San Juan,163,130,288,581,43,39,76,158,739,2016,sept
San Miguel,2418,863,1733,5014,445,190,501,1136,6150,2016,sept
Sedgwick,251,876,401,1528,32,107,88,227,1755,2016,sept
Summit,5971,4418,8742,19131,2011,1585,3812,7408,26539,2016,sept
Teller,2683,7765,5519,15967,502,1227,1173,2902,18869,2016,sept
Washington,274,2123,494,2891,44,207,113,364,3255,2016,sept
Weld,35840,58088,58798,152726,5693,7622,10316,23631,176357,2016,sept
Yuma,819,2995,1593,5407,109,329,284,722,6129,2016,sept
Adams,74025,54170,80548,208743,11339,6475,14345,32159,240902,2015,apr
Alamosa,2912,2260,2193,7365,477,319,639,1435,8800,2015,apr
Arapahoe,105065,101164,116071,322300,19795,12327,27768,59890,382190,2015,apr
Archuleta,1739,3816,2220,7775,397,674,683,1754,9529,2015,apr
Baca,675,1186,626,2487,45,91,112,248,2735,2015,apr
Bent,772,852,617,2241,171,118,222,511,2752,2015,apr
Boulder,79311,35499,74871,189681,17533,8786,27368,53687,243368,2015,apr
Broomfield,10624,11853,14564,37041,1764,1580,3073,6417,43458,2015,apr
Chaffee,3000,4395,4162,11557,425,538,900,1863,13420,2015,apr
Cheyenne,152,860,289,1301,15,38,41,94,1395,2015,apr
Clear Creek,1942,1928,2516,6386,277,276,525,1078,7464,2015,apr
Conejos,2327,1680,680,4687,410,264,222,896,5583,2015,apr
Costilla,1583,313,396,2292,172,82,187,441,2733,2015,apr
Crowley,439,912,424,1775,64,70,86,220,1995,2015,apr
Custer,442,1935,707,3084,50,167,143,360,3444,2015,apr
Delta,3214,8487,5993,17694,523,1036,1202,2761,20455,2015,apr
Denver,167921,54911,128476,351308,27998,8865,30763,67626,418934,2015,apr
Dolores,363,620,398,1381,45,65,127,237,1618,2015,apr
Douglas,37680,91094,61904,190678,5991,11820,11840,29651,220329,2015,apr
Eagle,7399,7342,11706,26447,1147,979,2631,4757,31204,2015,apr
El Paso,70206,147405,123421,341032,15341,20234,30399,65974,407006,2015,apr
Elbert,2115,8923,5123,16161,218,801,691,1710,17871,2015,apr
Fremont,5024,10949,8582,24555,630,1108,1631,3369,27924,2015,apr
Garfield,6745,9308,12397,28450,662,928,1801,3391,31841,2015,apr
Gilpin,1235,1144,1809,4188,143,115,269,527,4715,2015,apr
Grand,1966,4050,3415,9431,297,386,711,1394,10825,2015,apr
Gunnison,2778,2572,4267,9617,507,428,1111,2046,11663,2015,apr
Hinsdale,94,396,136,626,7,20,19,46,672,2015,apr
Huerfano,2014,1099,1067,4180,137,93,217,447,4627,2015,apr
Jackson,115,697,175,987,21,110,44,175,1162,2015,apr
Jefferson,103735,112634,133944,350313,13968,11738,20287,45993,396306,2015,apr
Kiowa,166,545,233,944,9,23,30,62,1006,2015,apr
Kit Carson,600,2425,1097,4122,87,227,304,618,4740,2015,apr
La Plata,10150,10415,11932,32497,2260,1998,3528,7786,40283,2015,apr
Lake,1642,733,1222,3597,502,262,743,1507,5104,2015,apr
Larimer,53458,67836,81329,202623,6801,6647,15326,28774,231397,2015,apr
Las Animas,3940,1933,1835,7708,731,531,651,1913,9621,2015,apr
Lincoln,404,1519,647,2570,61,157,187,405,2975,2015,apr
Logan,1834,5403,3290,10527,339,656,933,1928,12455,2015,apr
Mesa,15535,36242,28771,80548,5149,9739,12536,27424,107972,2015,apr
Mineral,306,265,144,715,29,25,34,88,803,2015,apr
Moffat,817,3843,2007,6667,430,1055,1299,2784,9451,2015,apr
Montezuma,3194,6917,4565,14676,876,1280,1673,3829,18505,2015,apr
Montrose,4059,10741,7570,22370,437,932,1268,2637,25007,2015,apr
Morgan,2753,5620,4465,12838,351,482,746,1579,14417,2015,apr
Otero,3304,3632,2903,9839,434,349,619,1402,11241,2015,apr
Ouray,936,1295,1243,3474,140,235,272,647,4121,2015,apr
Park,2186,4570,4094,10850,377,694,940,2011,12861,2015,apr
Phillips,426,1473,672,2571,109,256,199,564,3135,2015,apr
Pitkin,4176,2111,5446,11733,789,449,1281,2519,14252,2015,apr
Prowers,1311,2717,1719,5747,212,372,514,1098,6845,2015,apr
Pueblo,39503,22879,27777,90159,5987,3270,7263,16520,106679,2015,apr
Rio Blanco,325,2539,759,3623,64,319,334,717,4340,2015,apr
Rio Grande,2013,2688,1639,6340,371,416,478,1265,7605,2015,apr
Routt,4295,4418,6332,15045,820,780,1615,3215,18260,2015,apr
Saguache,1585,780,1096,3461,292,127,326,745,4206,2015,apr
San Juan,165,140,290,595,36,28,70,134,729,2015,apr
San Miguel,2054,833,1888,4775,354,156,485,995,5770,2015,apr
Sedgwick,264,866,384,1514,18,78,68,164,1678,2015,apr
Summit,5163,4315,8348,17826,1781,1370,3778,6929,24755,2015,apr
Teller,2505,7374,5259,15138,411,1009,1060,2480,17618,2015,apr
Washington,261,2076,489,2826,49,153,97,299,3125,2015,apr
Weld,32082,53867,53781,139730,4988,5502,9348,19838,159568,2015,apr
Yuma,811,2974,1540,5325,94,271,278,643,5968,2015,apr
Adams,74060,54074,81260,209394,11520,6715,14927,33162,242556,2015,aug
Alamosa,2924,2248,2221,7393,484,319,635,1438,8831,2015,aug
Arapahoe,105933,101447,118981,326361,19517,12262,27451,59230,385591,2015,aug
Archuleta,1748,3833,2278,7859,395,653,673,1721,9580,2015,aug
Baca,661,1182,660,2503,46,94,114,254,2757,2015,aug
Bent,775,858,644,2277,165,113,210,488,2765,2015,aug
Boulder,80407,35342,76393,192142,17425,8761,27239,53425,245567,2015,aug
Broomfield,10778,11882,14970,37630,1785,1635,3091,6511,44141,2015,aug
Chaffee,3012,4400,4257,11669,429,528,908,1865,13534,2015,aug
Cheyenne,149,860,299,1308,16,40,40,96,1404,2015,aug
Clear Creek,1951,1921,2565,6437,272,275,514,1061,7498,2015,aug
Conejos,2321,1676,698,4695,384,264,218,866,5561,2015,aug
Costilla,1578,323,428,2329,164,82,184,430,2759,2015,aug
Crowley,433,909,431,1773,66,66,87,219,1992,2015,aug
Custer,455,1930,747,3132,50,171,135,356,3488,2015,aug
Delta,3230,8530,6205,17965,512,1033,1183,2728,20693,2015,aug
Denver,165460,53909,127032,346401,31953,10258,35675,77886,424287,2015,aug
Dolores,358,629,407,1394,48,64,125,237,1631,2015,aug
Douglas,38123,91598,63593,193314,5982,11998,11797,29777,223091,2015,aug
Eagle,7514,7431,12032,26977,1133,970,2599,4702,31679,2015,aug
El Paso,70785,147805,126341,344931,15688,20843,31406,67937,412868,2015,aug
Elbert,2141,9031,5228,16400,214,794,694,1702,18102,2015,aug
Fremont,5029,10937,8867,24833,612,1109,1597,3318,28151,2015,aug
Garfield,6831,9375,12778,28984,636,908,1775,3319,32303,2015,aug
Gilpin,1259,1149,1844,4252,136,114,263,513,4765,2015,aug
Grand,1967,4045,3531,9543,299,383,723,1405,10948,2015,aug
Gunnison,2851,2621,4414,9886,489,411,1084,1984,11870,2015,aug
Hinsdale,94,401,149,644,7,20,18,45,689,2015,aug
Huerfano,1976,1082,1072,4130,155,110,228,493,4623,2015,aug
Jackson,119,701,185,1005,21,108,43,172,1177,2015,aug
Jefferson,104222,112264,135550,352036,14336,12176,21544,48056,400092,2015,aug
Kiowa,163,557,244,964,9,20,29,58,1022,2015,aug
Kit Carson,601,2416,1119,4136,80,223,294,597,4733,2015,aug
La Plata,10254,10412,12062,32728,2292,2061,3591,7944,40672,2015,aug
Lake,1655,730,1243,3628,484,259,734,1477,5105,2015,aug
Larimer,54125,68074,83098,205297,6893,6757,15340,28990,234287,2015,aug
Las Animas,3927,1961,1900,7788,722,526,643,1891,9679,2015,aug
Lincoln,395,1517,660,2572,59,157,186,402,2974,2015,aug
Logan,1842,5420,3376,10638,326,647,914,1887,12525,2015,aug
Mesa,15660,36544,29589,81793,5053,9577,12291,26921,108714,2015,aug
Mineral,306,270,149,725,29,25,33,87,812,2015,aug
Moffat,821,3860,2119,6800,419,1024,1271,2714,9514,2015,aug
Montezuma,3203,6904,4646,14753,874,1267,1649,3790,18543,2015,aug
Montrose,4101,10796,7704,22601,431,918,1245,2594,25195,2015,aug
Morgan,2764,5643,4566,12973,347,474,725,1546,14519,2015,aug
Otero,3322,3665,3002,9989,425,347,601,1373,11362,2015,aug
Ouray,946,1314,1283,3543,140,232,267,639,4182,2015,aug
Park,2219,4585,4196,11000,373,702,938,2013,13013,2015,aug
Phillips,433,1471,689,2593,107,248,190,545,3138,2015,aug
Pitkin,4209,2128,5572,11909,784,445,1268,2497,14406,2015,aug
Prowers,1314,2750,1795,5859,204,359,496,1059,6918,2015,aug
Pueblo,39601,22997,28377,90975,5755,3219,7104,16078,107053,2015,aug
Rio Blanco,324,2529,769,3622,62,318,337,717,4339,2015,aug
Rio Grande,2008,2687,1677,6372,364,408,467,1239,7611,2015,aug
Routt,4333,4440,6478,15251,817,791,1638,3246,18497,2015,aug
Saguache,1600,781,1085,3466,287,128,324,739,4205,2015,aug
San Juan,167,143,291,601,34,27,68,129,730,2015,aug
San Miguel,2059,839,1927,4825,357,150,476,983,5808,2015,aug
Sedgwick,256,872,391,1519,19,75,70,164,1683,2015,aug
Summit,5262,4357,8534,18153,1772,1380,3779,6931,25084,2015,aug
Teller,2504,7399,5387,15290,421,1025,1058,2504,17794,2015,aug
Washington,260,2077,492,2829,47,151,98,296,3125,2015,aug
Weld,32425,54258,55267,141950,4904,5600,9313,19817,161767,2015,aug
Yuma,802,2966,1567,5335,96,260,268,624,5959,2015,aug
Adams,73822,53832,79384,207038,18968,12364,24730,56062,263100,2014,dec
Alamosa,2897,2261,2152,7310,591,375,785,1751,9061,2014,dec
Arapahoe,105337,101272,114926,321535,19575,12372,26855,58802,380337,2014,dec
Archuleta,1728,3791,2136,7655,513,848,864,2225,9880,2014,dec
Baca,681,1185,597,2463,67,128,148,343,2806,2014,dec
Bent,775,852,595,2222,172,118,224,514,2736,2014,dec
Boulder,79535,35658,73593,188786,17554,8846,27241,53641,242427,2014,dec
Broomfield,10556,11774,14206,36536,2124,2004,3516,7644,44180,2014,dec
Chaffee,3013,4431,4068,11512,478,609,1009,2096,13608,2014,dec
Cheyenne,155,864,285,1304,15,47,41,103,1407,2014,dec
Clear Creek,1968,1951,2498,6417,263,249,497,1009,7426,2014,dec
Conejos,2362,1700,676,4738,398,257,212,867,5605,2014,dec
Costilla,1596,313,382,2291,191,92,193,476,2767,2014,dec
Crowley,438,920,404,1762,65,74,88,227,1989,2014,dec
Custer,435,1940,677,3052,72,211,183,466,3518,2014,dec
Delta,3223,8478,5771,17472,535,1056,1240,2831,20303,2014,dec
Denver,168836,55015,127668,351519,49262,20900,57233,127395,478914,2014,dec
Dolores,371,615,396,1382,48,75,138,261,1643,2014,dec
Douglas,37641,90602,60752,188995,5995,11933,11690,29618,218613,2014,dec
Eagle,7385,7273,11507,26165,1761,1618,3997,7376,33541,2014,dec
El Paso,70354,147156,120920,338430,18652,24811,35879,79342,417772,2014,dec
Elbert,2109,8857,5010,15976,400,1331,1130,2861,18837,2014,dec
Fremont,5044,10923,8289,24256,862,1464,2033,4359,28615,2014,dec
Garfield,6818,9390,12666,28874,625,887,1232,2744,31618,2014,dec
Gilpin,1233,1135,1754,4122,153,124,289,566,4688,2014,dec
Grand,2006,4083,3343,9432,457,609,1089,2155,11587,2014,dec
Gunnison,2759,2550,4175,9484,675,619,1665,2959,12443,2014,dec
Hinsdale,97,392,134,623,7,20,19,46,669,2014,dec
Huerfano,2029,1101,1056,4186,134,87,211,432,4618,2014,dec
Jackson,113,694,168,975,21,111,44,176,1151,2014,dec
Jefferson,103544,112573,131562,347679,22709,21651,34122,78482,426161,2014,dec
Kiowa,167,546,230,943,9,24,30,63,1006,2014,dec
Kit Carson,615,2432,1076,4123,92,232,310,634,4757,2014,dec
La Plata,10194,10425,11885,32504,2217,2003,3430,7650,40154,2014,dec
Lake,1710,760,1243,3713,437,233,685,1355,5068,2014,dec
Larimer,53472,67720,80076,201268,8763,8713,19253,36729,237997,2014,dec
Las Animas,3991,1934,1819,7744,909,700,806,2415,10159,2014,dec
Lincoln,410,1520,637,2567,88,189,228,505,3072,2014,dec
Logan,1852,5368,3231,10451,346,672,949,1967,12418,2014,dec
Mesa,15719,36407,28367,80493,5504,10397,13178,29079,109572,2014,dec
Mineral,308,263,139,710,35,28,35,98,808,2014,dec
Moffat,829,3854,1971,6654,434,1065,1313,2812,9466,2014,dec
Montezuma,3205,6899,4521,14625,945,1448,1712,4105,18730,2014,dec
Montrose,4092,10777,7495,22364,663,1408,1987,4058,26422,2014,dec
Morgan,2750,5623,4368,12741,533,697,1183,2413,15154,2014,dec
Otero,3301,3637,2887,9825,450,373,643,1466,11291,2014,dec
Ouray,939,1292,1214,3445,182,302,364,848,4293,2014,dec
Park,2179,4575,4046,10800,466,813,1057,2336,13136,2014,dec
Phillips,435,1468,657,2560,109,260,207,576,3136,2014,dec
Pitkin,4158,2099,5301,11558,824,462,1327,2613,14171,2014,dec
Prowers,1320,2737,1711,5768,234,408,533,1175,6943,2014,dec
Pueblo,39751,22807,27537,90095,7036,3943,8508,19487,109582,2014,dec
Rio Blanco,328,2545,750,3623,80,374,362,816,4439,2014,dec
Rio Grande,2019,2677,1618,6314,420,488,511,1419,7733,2014,dec
Routt,4318,4445,6214,14977,982,936,1831,3749,18726,2014,dec
Saguache,1643,798,1174,3615,262,113,254,629,4244,2014,dec
San Juan,168,135,286,589,34,29,67,130,719,2014,dec
San Miguel,2046,826,1869,4741,626,295,898,1819,6560,2014,dec
Sedgwick,267,864,369,1500,20,79,71,170,1670,2014,dec
Summit,5097,4257,8171,17525,1786,1391,3810,6987,24512,2014,dec
Teller,2567,7525,5450,15542,396,1015,853,2264,17806,2014,dec
Washington,267,2082,487,2836,64,208,172,444,3280,2014,dec
Weld,32134,53546,52961,138641,4995,5633,9066,19694,158335,2014,dec
Yuma,825,2987,1511,5323,138,359,395,892,6215,2014,dec
Adams,73924,54057,80042,208023,11327,6461,13916,31704,239727,2015,feb
Alamosa,2902,2260,2169,7331,490,322,648,1460,8791,2015,feb
Arapahoe,105480,101293,116081,322854,19246,12109,26364,57719,380573,2015,feb
Archuleta,1739,3814,2183,7736,398,659,688,1745,9481,2015,feb
Baca,678,1187,604,2469,46,93,119,258,2727,2015,feb
Bent,769,850,597,2216,172,121,227,520,2736,2015,feb
Boulder,79553,35669,74522,189744,17392,8720,26877,52989,242733,2015,feb
Broomfield,10560,11778,14329,36667,1778,1593,3068,6439,43106,2015,feb
Chaffee,3000,4397,4097,11494,430,551,917,1898,13392,2015,feb
Cheyenne,152,860,285,1297,15,41,41,97,1394,2015,feb
Clear Creek,1952,1924,2497,6373,272,275,523,1070,7443,2015,feb
Conejos,2350,1695,675,4720,397,257,212,866,5586,2015,feb
Costilla,1593,312,386,2291,170,82,188,440,2731,2015,feb
Crowley,438,914,407,1759,65,73,88,226,1985,2015,feb
Custer,435,1935,687,3057,50,170,146,366,3423,2015,feb
Delta,3223,8478,5855,17556,529,1045,1219,2793,20349,2015,feb
Denver,167933,54862,127359,350154,27803,8829,30353,66985,417139,2015,feb
Dolores,368,618,394,1380,45,66,127,238,1618,2015,feb
Douglas,37569,90763,61120,189452,6027,11895,11848,29770,219222,2015,feb
Eagle,7382,7300,11579,26261,1155,986,2652,4793,31054,2015,feb
El Paso,69747,146673,121092,337512,16882,22305,32627,71814,409326,2015,feb
Elbert,2119,8907,5073,16099,224,792,683,1699,17798,2015,feb
Fremont,5030,10932,8401,24363,634,1106,1631,3371,27734,2015,feb
Garfield,6777,9367,12481,28625,631,879,1568,3078,31703,2015,feb
Gilpin,1234,1140,1780,4154,146,118,275,539,4693,2015,feb
Grand,1987,4075,3386,9448,286,380,692,1358,10806,2015,feb
Gunnison,2767,2558,4202,9527,507,435,1116,2058,11585,2015,feb
Hinsdale,96,393,133,622,7,20,19,46,668,2015,feb
Huerfano,2026,1099,1063,4188,133,86,208,427,4615,2015,feb
Jackson,115,698,177,990,21,110,44,175,1165,2015,feb
Jefferson,103580,112591,132653,348824,14187,11877,20560,46624,395448,2015,feb
Kiowa,167,545,231,943,9,24,30,63,1006,2015,feb
Kit Carson,604,2432,1073,4109,89,230,311,630,4739,2015,feb
La Plata,10250,10441,12006,32697,2165,1958,3340,7463,40160,2015,feb
Lake,1665,740,1225,3630,479,253,722,1454,5084,2015,feb
Larimer,53237,67549,79938,200724,6871,6701,15468,29040,229764,2015,feb
Las Animas,3968,1931,1811,7710,717,525,638,1880,9590,2015,feb
Lincoln,407,1518,636,2561,64,166,192,422,2983,2015,feb
Logan,1836,5388,3261,10485,342,659,946,1947,12432,2015,feb
Mesa,15709,36518,28863,81090,5034,9491,12131,26656,107746,2015,feb
Mineral,308,263,144,715,31,25,34,90,805,2015,feb
Moffat,828,3871,2019,6718,428,1046,1276,2750,9468,2015,feb
Montezuma,3191,6908,4543,14642,877,1282,1655,3814,18456,2015,feb
Montrose,4072,10745,7503,22320,439,937,1266,2642,24962,2015,feb
Morgan,2755,5618,4416,12789,361,490,760,1611,14400,2015,feb
Otero,3279,3624,2852,9755,402,326,574,1302,11057,2015,feb
Ouray,937,1289,1226,3452,141,239,278,658,4110,2015,feb
Park,2171,4566,4045,10782,380,705,934,2019,12801,2015,feb
Phillips,427,1461,661,2549,110,256,206,572,3121,2015,feb
Pitkin,4147,2102,5364,11613,802,452,1302,2556,14169,2015,feb
Prowers,1311,2733,1728,5772,212,369,494,1075,6847,2015,feb
Pueblo,39572,22783,27573,89928,5908,3267,7122,16297,106225,2015,feb
Rio Blanco,325,2538,744,3607,63,320,344,727,4334,2015,feb
Rio Grande,2018,2680,1627,6325,375,424,484,1283,7608,2015,feb
Routt,4288,4410,6226,14924,831,781,1620,3232,18156,2015,feb
Saguache,1614,785,1121,3520,275,122,303,700,4220,2015,feb
San Juan,172,140,299,611,32,28,64,124,735,2015,feb
San Miguel,2055,830,1876,4761,357,153,469,979,5740,2015,feb
Sedgwick,266,869,375,1510,19,76,69,164,1674,2015,feb
Summit,5119,4278,8248,17645,1791,1384,3796,6971,24616,2015,feb
Teller,2503,7386,5216,15105,421,1025,1091,2537,17642,2015,feb
Washington,263,2084,486,2833,48,152,99,299,3132,2015,feb
Weld,32023,53648,52933,138604,5050,5583,9448,20081,158685,2015,feb
Yuma,812,2989,1522,5323,97,275,281,653,5976,2015,feb
Adams,73914,53970,79722,207606,11507,6630,14210,32347,239953,2015,jan
Alamosa,2903,2262,2160,7325,494,322,652,1468,8793,2015,jan
Arapahoe,105548,101381,115683,322612,19291,12170,26479,57940,380552,2015,jan
Archuleta,1738,3814,2171,7723,503,815,847,2165,9888,2015,jan
Baca,679,1188,599,2466,47,93,118,258,2724,2015,jan
Bent,770,851,596,2217,173,122,228,523,2740,2015,jan
Boulder,79570,35663,74105,189338,17483,8784,27103,53370,242708,2015,jan
Broomfield,10559,11776,14286,36621,1779,1599,3063,6441,43062,2015,jan
Chaffee,3021,4413,4106,11540,424,537,903,1864,13404,2015,jan
Cheyenne,155,862,283,1300,15,45,41,101,1401,2015,jan
Clear Creek,1966,1941,2508,6415,262,249,495,1006,7421,2015,jan
Conejos,2357,1704,680,4741,397,257,210,864,5605,2015,jan
Costilla,1598,312,387,2297,169,82,185,436,2733,2015,jan
Crowley,438,919,404,1761,65,73,88,226,1987,2015,jan
Custer,437,1933,681,3051,53,173,147,373,3424,2015,jan
Delta,3228,8475,5813,17516,531,1057,1234,2822,20338,2015,jan
Denver,169065,55201,128422,352688,45533,19333,53729,118595,471283,2015,jan
Dolores,367,616,396,1379,46,67,128,241,1620,2015,jan
Douglas,37607,90686,61014,189307,5991,11847,11714,29552,218859,2015,jan
Eagle,7375,7285,11552,26212,1173,994,2660,4827,31039,2015,jan
El Paso,69959,146866,120938,337763,18729,24668,36311,79708,417471,2015,jan
Elbert,2119,8890,5052,16061,228,788,686,1702,17763,2015,jan
Fremont,5033,10933,8342,24308,643,1118,1637,3398,27706,2015,jan
Garfield,6818,9411,12774,29003,626,882,1230,2738,31741,2015,jan
Gilpin,1234,1141,1780,4155,146,119,277,542,4697,2015,jan
Grand,2002,4094,3416,9512,458,612,1085,2155,11667,2015,jan
Gunnison,2764,2550,4182,9496,504,437,1111,2052,11548,2015,jan
Hinsdale,97,394,133,624,7,20,19,46,670,2015,jan
Huerfano,2029,1101,1060,4190,134,86,211,431,4621,2015,jan
Jackson,115,697,176,988,21,110,44,175,1163,2015,jan
Jefferson,103589,112602,132091,348282,14381,12112,20842,47335,395617,2015,jan
Kiowa,167,546,228,941,9,24,30,63,1004,2015,jan
Kit Carson,610,2432,1067,4109,90,230,314,634,4743,2015,jan
La Plata,10231,10437,11957,32625,2181,1965,3374,7520,40145,2015,jan
Lake,1709,759,1248,3716,437,232,685,1354,5070,2015,jan
Larimer,53313,67622,79977,200912,6860,6682,15380,28922,229834,2015,jan
Las Animas,3980,1936,1825,7741,712,524,624,1860,9601,2015,jan
Lincoln,406,1518,635,2559,63,165,192,420,2979,2015,jan
Logan,1853,5380,3248,10481,342,663,948,1953,12434,2015,jan
Mesa,15755,36527,28764,81046,5033,9518,12111,26662,107708,2015,jan
Mineral,308,263,141,712,35,28,35,98,810,2015,jan
Moffat,830,3873,2008,6711,427,1048,1275,2750,9461,2015,jan
Montezuma,3217,6922,4559,14698,864,1283,1628,3775,18473,2015,jan
Montrose,4092,10790,7511,22393,437,911,1231,2579,24972,2015,jan
Morgan,2750,5628,4383,12761,373,499,770,1642,14403,2015,jan
Otero,3279,3631,2859,9769,393,324,550,1267,11036,2015,jan
Ouray,937,1288,1213,3438,141,239,279,659,4097,2015,jan
Park,2173,4556,4037,10766,384,713,925,2022,12788,2015,jan
Phillips,430,1466,659,2555,109,257,207,573,3128,2015,jan
Pitkin,4155,2100,5333,11588,809,454,1307,2570,14158,2015,jan
Prowers,1317,2738,1721,5776,213,370,494,1077,6853,2015,jan
Pueblo,39748,22806,27611,90165,5792,3232,6902,15926,106091,2015,jan
Rio Blanco,324,2534,741,3599,65,322,346,733,4332,2015,jan
Rio Grande,2018,2677,1622,6317,389,439,490,1318,7635,2015,jan
Routt,4274,4417,6216,14907,846,789,1635,3270,18177,2015,jan
Saguache,1631,794,1173,3598,268,116,261,645,4243,2015,jan
San Juan,170,139,290,599,34,28,65,127,726,2015,jan
San Miguel,2055,829,1868,4752,357,153,471,981,5733,2015,jan
Sedgwick,266,865,374,1505,19,76,70,165,1670,2015,jan
Summit,5117,4270,8211,17598,1783,1381,3789,6953,24551,2015,jan
Teller,2507,7385,5196,15088,423,1039,1105,2567,17655,2015,jan
Washington,265,2084,488,2837,49,154,99,302,3139,2015,jan
Weld,32080,53709,52983,138772,4954,5474,9115,19543,158315,2015,jan
Yuma,813,2986,1515,5314,99,274,283,656,5970,2015,jan
Adams,73848,53961,80880,208689,11626,6714,14984,33324,242013,2015,july
Alamosa,2918,2260,2220,7398,484,314,634,1432,8830,2015,july
Arapahoe,105827,101526,118769,326122,19499,12196,27403,59098,385220,2015,july
Archuleta,1747,3825,2266,7838,392,656,676,1724,9562,2015,july
Baca,671,1181,652,2504,45,93,109,247,2751,2015,july
Bent,772,858,633,2263,166,116,214,496,2759,2015,july
Boulder,79784,35374,76084,191242,17530,8782,27317,53629,244871,2015,july
Broomfield,10723,11862,14923,37508,1774,1619,3075,6468,43976,2015,july
Chaffee,3003,4395,4242,11640,424,528,898,1850,13490,2015,july
Cheyenne,150,862,296,1308,15,38,41,94,1402,2015,july
Clear Creek,1949,1923,2562,6434,271,279,516,1066,7500,2015,july
Conejos,2335,1677,691,4703,399,266,220,885,5588,2015,july
Costilla,1582,317,415,2314,166,82,185,433,2747,2015,july
Crowley,433,912,426,1771,66,65,87,218,1989,2015,july
Custer,448,1931,736,3115,50,171,137,358,3473,2015,july
Delta,3226,8513,6176,17915,515,1028,1188,2731,20646,2015,july
Denver,164398,53638,125995,344031,33046,10641,36556,80243,424274,2015,july
Dolores,358,623,404,1385,48,65,126,239,1624,2015,july
Douglas,38005,91633,63396,193034,5972,11851,11746,29569,222603,2015,july
Eagle,7464,7398,11967,26829,1135,978,2611,4724,31553,2015,july
El Paso,70401,147457,125566,343424,15768,20787,31459,68014,411438,2015,july
Elbert,2136,8993,5196,16325,216,803,694,1713,18038,2015,july
Fremont,5029,10941,8793,24763,631,1114,1602,3347,28110,2015,july
Garfield,6799,9351,12718,28868,652,918,1785,3355,32223,2015,july
Gilpin,1252,1149,1835,4236,138,114,264,516,4752,2015,july
Grand,1964,4049,3509,9522,305,386,732,1423,10945,2015,july
Gunnison,2828,2618,4371,9817,497,418,1094,2009,11826,2015,july
Hinsdale,93,396,146,635,7,20,18,45,680,2015,july
Huerfano,1988,1083,1068,4139,156,111,233,500,4639,2015,july
Jackson,118,699,182,999,21,108,43,172,1171,2015,july
Jefferson,103890,112253,135026,351169,14413,12119,21520,48052,399221,2015,july
Kiowa,166,551,243,960,9,21,29,59,1019,2015,july
Kit Carson,605,2420,1117,4142,82,221,297,600,4742,2015,july
La Plata,10215,10422,12096,32733,2256,2030,3516,7802,40535,2015,july
Lake,1654,724,1235,3613,492,262,740,1494,5107,2015,july
Larimer,53774,67970,82648,204392,6872,6742,15357,28971,233363,2015,july
Las Animas,3930,1960,1894,7784,725,526,646,1897,9681,2015,july
Lincoln,399,1514,653,2566,61,160,188,409,2975,2015,july
Logan,1849,5416,3364,10629,329,643,915,1887,12516,2015,july
Mesa,15595,36489,29381,81465,5098,9627,12376,27101,108566,2015,july
Mineral,306,270,149,725,29,25,33,87,812,2015,july
Moffat,821,3858,2099,6778,425,1030,1276,2731,9509,2015,july
Montezuma,3203,6921,4636,14760,882,1274,1667,3823,18583,2015,july
Montrose,4080,10770,7679,22529,435,924,1247,2606,25135,2015,july
Morgan,2752,5639,4548,12939,349,472,728,1549,14488,2015,july
Otero,3314,3661,2962,9937,427,349,603,1379,11316,2015,july
Ouray,941,1309,1276,3526,140,232,267,639,4165,2015,july
Park,2219,4574,4178,10971,372,699,934,2005,12976,2015,july
Phillips,429,1471,684,2584,107,252,194,553,3137,2015,july
Pitkin,4202,2119,5557,11878,787,446,1278,2511,14389,2015,july
Prowers,1314,2740,1782,5836,206,360,502,1068,6904,2015,july
Pueblo,39611,22941,28245,90797,5859,3248,7183,16290,107087,2015,july
Rio Blanco,324,2531,763,3618,61,317,340,718,4336,2015,july
Rio Grande,2012,2684,1669,6365,370,411,471,1252,7617,2015,july
Routt,4314,4429,6435,15178,824,798,1641,3263,18441,2015,july
Saguache,1594,779,1089,3462,293,130,326,749,4211,2015,july
San Juan,169,140,293,602,34,27,68,129,731,2015,july
San Miguel,2043,832,1913,4788,360,154,485,999,5787,2015,july
Sedgwick,258,871,393,1522,19,75,70,164,1686,2015,july
Summit,5213,4340,8474,18027,1785,1383,3793,6961,24988,2015,july
Teller,2503,7401,5366,15270,417,1011,1050,2478,17748,2015,july
Washington,260,2078,488,2826,49,152,98,299,3125,2015,july
Weld,32380,54164,54925,141469,4893,5590,9334,19817,161286,2015,july
Yuma,805,2968,1555,5328,95,259,270,624,5952,2015,july
Adams,73749,53995,80559,208303,11629,6653,14961,33243,241546,2015,june
Alamosa,2929,2260,2215,7404,478,316,634,1428,8832,2015,june
Arapahoe,105424,101378,117840,324642,19651,12280,27582,59513,384155,2015,june
Archuleta,1726,3808,2252,7786,398,664,676,1738,9524,2015,june
Baca,672,1190,642,2504,45,94,110,249,2753,2015,june
Bent,773,852,629,2254,169,116,217,502,2756,2015,june
Boulder,79499,35411,75626,190536,17491,8754,27281,53526,244062,2015,june
Broomfield,10691,11866,14769,37326,1762,1605,3065,6432,43758,2015,june
Chaffee,2995,4397,4212,11604,421,529,893,1843,13447,2015,june
Cheyenne,152,858,290,1300,15,38,43,96,1396,2015,june
Clear Creek,1950,1932,2553,6435,273,278,515,1066,7501,2015,june
Conejos,2331,1681,690,4702,402,262,222,886,5588,2015,june
Costilla,1581,314,406,2301,170,82,187,439,2740,2015,june
Crowley,436,912,429,1777,64,66,86,216,1993,2015,june
Custer,446,1934,731,3111,50,170,138,358,3469,2015,june
Delta,3216,8512,6113,17841,523,1032,1191,2746,20587,2015,june
Denver,163401,53347,124518,341266,33216,10672,36651,80539,421805,2015,june
Dolores,360,619,401,1380,47,66,126,239,1619,2015,june
Douglas,37881,91532,62938,192351,5907,11648,11688,29243,221594,2015,june
Eagle,7448,7375,11861,26684,1141,975,2623,4739,31423,2015,june
El Paso,70277,147519,124746,342542,15619,20520,31014,67153,409695,2015,june
Elbert,2131,8975,5185,16291,215,803,691,1709,18000,2015,june
Fremont,5028,10930,8714,24672,633,1111,1608,3352,28024,2015,june
Garfield,6763,9309,12570,28642,659,931,1795,3385,32027,2015,june
Gilpin,1243,1153,1824,4220,140,114,265,519,4739,2015,june
Grand,1974,4046,3461,9481,294,384,718,1396,10877,2015,june
Gunnison,2809,2598,4345,9752,503,419,1099,2021,11773,2015,june
Hinsdale,93,398,145,636,7,20,19,46,682,2015,june
Huerfano,1988,1079,1065,4132,157,111,232,500,4632,2015,june
Jackson,117,698,179,994,21,108,44,173,1167,2015,june
Jefferson,103631,112381,134354,350366,14441,12039,21527,48007,398373,2015,june
Kiowa,167,550,241,958,9,21,30,60,1018,2015,june
Kit Carson,605,2425,1108,4138,83,224,299,606,4744,2015,june
La Plata,10191,10442,12017,32650,2242,1989,3504,7735,40385,2015,june
Lake,1643,724,1236,3603,499,263,741,1503,5106,2015,june
Larimer,53623,67955,82296,203874,6811,6660,15271,28742,232616,2015,june
Las Animas,3934,1953,1865,7752,728,527,648,1903,9655,2015,june
Lincoln,401,1519,648,2568,59,157,183,399,2967,2015,june
Logan,1844,5420,3345,10609,336,652,929,1917,12526,2015,june
Mesa,15590,36406,29170,81166,5107,9624,12413,27144,108310,2015,june
Mineral,306,270,147,723,29,25,33,87,810,2015,june
Moffat,816,3859,2066,6741,427,1042,1283,2752,9493,2015,june
Montezuma,3201,6924,4617,14742,871,1262,1663,3796,18538,2015,june
Montrose,4066,10752,7618,22436,435,923,1254,2612,25048,2015,june
Morgan,2750,5629,4511,12890,351,475,736,1562,14452,2015,june
Otero,3311,3650,2932,9893,430,353,606,1389,11282,2015,june
Ouray,939,1303,1260,3502,140,233,269,642,4144,2015,june
Park,2200,4571,4147,10918,376,704,942,2022,12940,2015,june
Phillips,430,1471,681,2582,108,252,196,556,3138,2015,june
Pitkin,4191,2117,5536,11844,786,448,1278,2512,14356,2015,june
Prowers,1313,2726,1759,5798,210,362,507,1079,6877,2015,june
Pueblo,39563,22967,28109,90639,5905,3239,7204,16348,106987,2015,june
Rio Blanco,324,2531,764,3619,63,319,337,719,4338,2015,june
Rio Grande,2010,2688,1660,6358,370,414,472,1256,7614,2015,june
Routt,4300,4423,6398,15121,824,788,1631,3243,18364,2015,june
Saguache,1590,780,1090,3460,294,130,328,752,4212,2015,june
San Juan,166,141,291,598,35,27,70,132,730,2015,june
San Miguel,2035,834,1904,4773,365,154,490,1009,5782,2015,june
Sedgwick,260,871,389,1520,18,77,70,165,1685,2015,june
Summit,5199,4326,8424,17949,1779,1381,3784,6944,24893,2015,june
Teller,2514,7392,5334,15240,408,1013,1050,2471,17711,2015,june
Washington,259,2079,485,2823,49,155,98,302,3125,2015,june
Weld,32253,54087,54523,140863,4924,5506,9308,19738,160601,2015,june
Yuma,807,2976,1551,5334,94,265,269,628,5962,2015,june
Adams,74046,54135,80512,208693,11228,6430,13863,31521,240214,2015,mar
Alamosa,2907,2257,2180,7344,484,322,646,1452,8796,2015,mar
Arapahoe,105198,101233,115718,322149,19610,12192,27404,59206,381355,2015,mar
Archuleta,1737,3808,2199,7744,402,672,688,1762,9506,2015,mar
Baca,678,1184,606,2468,45,94,117,256,2724,2015,mar
Bent,770,852,611,2233,171,120,224,515,2748,2015,mar
Boulder,79263,35533,74317,189113,17537,8783,27348,53668,242781,2015,mar
Broomfield,10586,11808,14441,36835,1763,1584,3068,6415,43250,2015,mar
Chaffee,3001,4394,4137,11532,430,551,913,1894,13426,2015,mar
Cheyenne,153,859,286,1298,15,41,41,97,1395,2015,mar
Clear Creek,1950,1929,2505,6384,280,279,534,1093,7477,2015,mar
Conejos,2331,1684,673,4688,410,264,222,896,5584,2015,mar
Costilla,1586,312,385,2283,173,82,188,443,2726,2015,mar
Crowley,440,914,415,1769,65,70,87,222,1991,2015,mar
Custer,434,1933,696,3063,50,170,145,365,3428,2015,mar
Delta,3216,8472,5904,17592,525,1037,1211,2773,20365,2015,mar
Denver,167581,54781,127420,349782,28098,8900,30802,67800,417582,2015,mar
Dolores,364,619,397,1380,45,66,126,237,1617,2015,mar
Douglas,37598,90948,61471,190017,6008,11835,11857,29700,219717,2015,mar
Eagle,7390,7321,11639,26350,1149,986,2633,4768,31118,2015,mar
El Paso,69958,147076,122132,339166,15407,20306,30461,66174,405340,2015,mar
Elbert,2116,8904,5089,16109,224,808,703,1735,17844,2015,mar
Fremont,5028,10941,8481,24450,633,1111,1631,3375,27825,2015,mar
Garfield,6731,9305,12335,28371,660,915,1784,3359,31730,2015,mar
Gilpin,1235,1140,1801,4176,145,117,273,535,4711,2015,mar
Grand,1976,4057,3376,9409,293,378,703,1374,10783,2015,mar
Gunnison,2770,2558,4223,9551,509,431,1120,2060,11611,2015,mar
Hinsdale,96,393,133,622,7,20,19,46,668,2015,mar
Huerfano,2018,1094,1055,4167,139,93,217,449,4616,2015,mar
Jackson,115,697,177,989,21,110,44,175,1164,2015,mar
Jefferson,103576,112536,133185,349297,14055,11790,20366,46211,395508,2015,mar
Kiowa,167,545,232,944,9,23,30,62,1006,2015,mar
Kit Carson,603,2429,1081,4113,87,228,308,623,4736,2015,mar
La Plata,10240,10442,12087,32769,2167,1961,3351,7479,40248,2015,mar
Lake,1649,735,1215,3599,497,258,739,1494,5093,2015,mar
Larimer,53378,67744,80690,201812,6815,6645,15389,28849,230661,2015,mar
Las Animas,3941,1938,1828,7707,732,531,652,1915,9622,2015,mar
Lincoln,408,1519,637,2564,64,163,189,416,2980,2015,mar
Logan,1833,5395,3271,10499,341,656,942,1939,12438,2015,mar
Mesa,15637,36430,28833,80900,5050,9548,12304,26902,107802,2015,mar
Mineral,306,265,144,715,29,25,34,88,803,2015,mar
Moffat,818,3850,2005,6673,431,1057,1300,2788,9461,2015,mar
Montezuma,3182,6911,4540,14633,886,1291,1675,3852,18485,2015,mar
Montrose,4070,10744,7536,22350,439,934,1271,2644,24994,2015,mar
Morgan,2754,5619,4442,12815,358,488,753,1599,14414,2015,mar
Otero,3287,3627,2870,9784,437,348,620,1405,11189,2015,mar
Ouray,937,1296,1239,3472,141,239,275,655,4127,2015,mar
Park,2177,4571,4070,10818,379,706,939,2024,12842,2015,mar
Phillips,427,1470,670,2567,109,257,201,567,3134,2015,mar
Pitkin,4155,2101,5399,11655,797,452,1290,2539,14194,2015,mar
Prowers,1319,2727,1735,5781,209,372,495,1076,6857,2015,mar
Pueblo,39505,22833,27609,89947,6006,3275,7277,16558,106505,2015,mar
Rio Blanco,329,2543,758,3630,63,319,335,717,4347,2015,mar
Rio Grande,2013,2685,1631,6329,372,419,482,1273,7602,2015,mar
Routt,4286,4409,6274,14969,826,785,1627,3238,18207,2015,mar
Saguache,1590,780,1104,3474,293,129,326,748,4222,2015,mar
San Juan,166,141,291,598,36,28,70,134,732,2015,mar
San Miguel,2055,831,1877,4763,358,153,489,1000,5763,2015,mar
Sedgwick,264,868,384,1516,18,76,69,163,1679,2015,mar
Summit,5144,4306,8310,17760,1786,1380,3783,6949,24709,2015,mar
Teller,2510,7379,5243,15132,411,1012,1061,2484,17616,2015,mar
Washington,262,2079,486,2827,49,154,98,301,3128,2015,mar
Weld,32068,53772,53317,139157,5008,5531,9393,19932,159089,2015,mar
Yuma,809,2987,1536,5332,96,273,279,648,5980,2015,mar
Adams,73660,53960,80184,207804,11685,6678,15010,33373,241177,2015,may
Alamosa,2920,2255,2200,7375,475,319,638,1432,8807,2015,may
Arapahoe,105244,101268,116899,323411,19667,12259,27610,59536,382947,2015,may
Archuleta,1730,3798,2226,7754,401,665,680,1746,9500,2015,may
Baca,674,1188,634,2496,45,93,111,249,2745,2015,may
Bent,774,853,624,2251,171,117,220,508,2759,2015,may
Boulder,79319,35460,75224,190003,17526,8774,27319,53619,243622,2015,may
Broomfield,10665,11877,14665,37207,1766,1587,3065,6418,43625,2015,may
Chaffee,2995,4391,4177,11563,421,536,895,1852,13415,2015,may
Cheyenne,152,858,290,1300,15,38,41,94,1394,2015,may
Clear Creek,1941,1938,2527,6406,277,276,523,1076,7482,2015,may
Conejos,2332,1677,688,4697,405,264,222,891,5588,2015,may
Costilla,1581,313,400,2294,172,82,187,441,2735,2015,may
Crowley,438,911,424,1773,64,69,87,220,1993,2015,may
Custer,447,1934,721,3102,50,169,141,360,3462,2015,may
Delta,3220,8507,6061,17788,521,1032,1198,2751,20539,2015,may
Denver,164428,53762,125190,343380,31894,10200,35127,77221,420601,2015,may
Dolores,362,622,400,1384,45,65,127,237,1621,2015,may
Douglas,37770,91313,62434,191517,6006,11825,11820,29651,221168,2015,may
Eagle,7430,7369,11784,26583,1147,977,2627,4751,31334,2015,may
El Paso,70402,147685,124355,342442,15357,20320,30471,66148,408590,2015,may
Elbert,2120,8933,5153,16206,218,807,696,1721,17927,2015,may
Fremont,5015,10925,8645,24585,631,1113,1624,3368,27953,2015,may
Garfield,6743,9302,12441,28486,672,937,1808,3417,31903,2015,may
Gilpin,1237,1148,1824,4209,142,114,267,523,4732,2015,may
Grand,1966,4052,3450,9468,294,385,710,1389,10857,2015,may
Gunnison,2786,2579,4292,9657,505,424,1106,2035,11692,2015,may
Hinsdale,93,398,140,631,7,20,19,46,677,2015,may
Huerfano,2004,1093,1066,4163,143,95,217,455,4618,2015,may
Jackson,116,697,177,990,21,109,44,174,1164,2015,may
Jefferson,103392,112383,133471,349246,14495,12109,21598,48202,397448,2015,may
Kiowa,164,546,238,948,9,21,30,60,1008,2015,may
Kit Carson,604,2422,1104,4130,84,226,302,612,4742,2015,may
La Plata,10177,10439,12002,32618,2248,1992,3516,7756,40374,2015,may
Lake,1641,727,1232,3600,500,263,741,1504,5104,2015,may
Larimer,53530,67912,81802,203244,6815,6668,15310,28793,232037,2015,may
Las Animas,3935,1945,1849,7729,730,530,648,1908,9637,2015,may
Lincoln,400,1515,645,2560,60,161,186,407,2967,2015,may
Logan,1835,5412,3302,10549,339,655,931,1925,12474,2015,may
Mesa,15559,36326,28960,80845,5114,9681,12470,27265,108110,2015,may
Mineral,306,270,147,723,29,25,33,87,810,2015,may
Moffat,817,3846,2046,6709,429,1047,1290,2766,9475,2015,may
Montezuma,3195,6924,4575,14694,879,1278,1674,3831,18525,2015,may
Montrose,4056,10748,7595,22399,434,932,1267,2633,25032,2015,may
Morgan,2753,5619,4477,12849,351,478,740,1569,14418,2015,may
Otero,3304,3635,2914,9853,432,350,610,1392,11245,2015,may
Ouray,937,1298,1251,3486,140,234,269,643,4129,2015,may
Park,2192,4567,4113,10872,375,703,933,2011,12883,2015,may
Phillips,427,1474,679,2580,108,253,198,559,3139,2015,may
Pitkin,4186,2117,5491,11794,787,448,1276,2511,14305,2015,may
Prowers,1312,2724,1749,5785,214,366,509,1089,6874,2015,may
Pueblo,39547,22945,27925,90417,5951,3254,7246,16451,106868,2015,may
Rio Blanco,321,2540,758,3619,64,319,337,720,4339,2015,may
Rio Grande,2013,2689,1650,6352,371,414,475,1260,7612,2015,may
Routt,4295,4415,6380,15090,827,789,1626,3242,18332,2015,may
Saguache,1589,782,1095,3466,291,128,325,744,4210,2015,may
San Juan,166,141,291,598,35,28,70,133,731,2015,may
San Miguel,2037,832,1888,4757,366,156,494,1016,5773,2015,may
Sedgwick,261,868,386,1515,19,76,69,164,1679,2015,may
Summit,5185,4326,8364,17875,1779,1374,3791,6944,24819,2015,may
Teller,2505,7379,5294,15178,410,1009,1050,2469,17647,2015,may
Washington,261,2077,486,2824,49,155,99,303,3127,2015,may
Weld,32132,53955,54081,140168,4963,5521,9349,19833,160001,2015,may
Yuma,811,2972,1548,5331,94,268,272,634,5965,2015,may
Adams,73644,53574,78683,205901,19165,12552,24938,56655,262556,2014,nov
Alamosa,2911,2253,2132,7296,595,376,784,1755,9051,2014,nov
Arapahoe,104982,100910,113729,319621,24332,15763,30097,70192,389813,2014,nov
Archuleta,1733,3775,2113,7621,516,851,869,2236,9857,2014,nov
Baca,682,1178,591,2451,72,138,152,362,2813,2014,nov
Bent,775,847,589,2211,174,122,227,523,2734,2014,nov
Boulder,79276,35627,72967,187870,22379,10757,33021,66157,254027,2014,nov
Broomfield,10514,11752,14043,36309,2151,2014,3544,7709,44018,2014,nov
Chaffee,2997,4412,4019,11428,483,618,1012,2113,13541,2014,nov
Cheyenne,157,862,282,1301,20,63,53,136,1437,2014,nov
Clear Creek,1957,1950,2481,6388,348,342,656,1346,7734,2014,nov
Conejos,2365,1703,670,4738,402,260,213,875,5613,2014,nov
Costilla,1621,325,409,2355,169,78,156,403,2758,2014,nov
Crowley,436,917,395,1748,94,93,124,311,2059,2014,nov
Custer,435,1945,662,3042,73,213,185,471,3513,2014,nov
Delta,3219,8474,5733,17426,711,1405,1601,3717,21143,2014,nov
Denver,168232,54728,126021,348981,49787,21098,57891,128776,477757,2014,nov
Dolores,371,612,390,1373,48,75,137,260,1633,2014,nov
Douglas,37418,89921,59793,187132,7986,16445,15987,40418,227550,2014,nov
Eagle,7359,7253,11403,26015,1773,1616,4006,7395,33410,2014,nov
El Paso,69727,146068,118714,334509,21834,28959,42392,93185,427694,2014,nov
Elbert,2109,8833,4978,15920,402,1370,1164,2936,18856,2014,nov
Fremont,5034,10851,8139,24024,885,1497,2082,4464,28488,2014,nov
Garfield,6802,9337,12559,28698,998,1477,2431,4906,33604,2014,nov
Gilpin,1233,1138,1747,4118,154,124,291,569,4687,2014,nov
Grand,2004,4084,3309,9397,466,622,1102,2190,11587,2014,nov
Gunnison,2756,2536,4095,9387,689,628,1677,2994,12381,2014,nov
Hinsdale,102,399,136,637,10,65,31,106,743,2014,nov
Huerfano,2029,1099,1053,4181,312,215,330,857,5038,2014,nov
Jackson,113,694,168,975,21,112,44,177,1152,2014,nov
Jefferson,103271,112302,130401,345974,23024,21839,34560,79423,425397,2014,nov
Kiowa,170,550,233,953,15,37,37,89,1042,2014,nov
Kit Carson,614,2421,1064,4099,149,393,468,1010,5109,2014,nov
La Plata,10174,10383,11694,32251,2991,2823,4764,10578,42829,2014,nov
Lake,1715,758,1245,3718,436,233,688,1357,5075,2014,nov
Larimer,53363,67528,79328,200219,8880,8817,19431,37128,237347,2014,nov
Las Animas,3997,1927,1815,7739,920,715,813,2448,10187,2014,nov
Lincoln,411,1512,635,2558,88,191,230,509,3067,2014,nov
Logan,1865,5342,3222,10429,361,703,975,2039,12468,2014,nov
Mesa,16072,36945,29943,82960,5186,9775,11415,26376,109336,2014,nov
Mineral,308,263,139,710,36,28,35,99,809,2014,nov
Moffat,829,3850,1969,6648,440,1068,1323,2831,9479,2014,nov
Montezuma,3198,6877,4473,14548,954,1462,1727,4143,18691,2014,nov
Montrose,4083,10735,7455,22273,671,1431,2013,4115,26388,2014,nov
Morgan,2751,5614,4340,12705,547,705,1195,2447,15152,2014,nov
Otero,3287,3625,2847,9759,456,379,652,1487,11246,2014,nov
Ouray,935,1295,1196,3426,187,306,375,868,4294,2014,nov
Park,2171,4556,3973,10700,473,819,1066,2358,13058,2014,nov
Phillips,436,1464,654,2554,134,319,265,718,3272,2014,nov
Pitkin,4161,2099,5281,11541,1234,802,2018,4054,15595,2014,nov
Prowers,1307,2708,1688,5703,237,414,537,1188,6891,2014,nov
Pueblo,39598,22684,27222,89504,7197,4030,8671,19898,109402,2014,nov
Rio Blanco,335,2542,744,3621,80,378,361,819,4440,2014,nov
Rio Grande,2016,2674,1604,6294,429,496,519,1444,7738,2014,nov
Routt,4321,4453,6134,14908,989,942,1858,3789,18697,2014,nov
Saguache,1642,789,1147,3578,289,136,290,715,4293,2014,nov
San Juan,167,135,281,583,34,29,68,131,714,2014,nov
San Miguel,2043,826,1859,4728,627,297,901,1825,6553,2014,nov
Sedgwick,265,867,370,1502,22,84,76,182,1684,2014,nov
Summit,5067,4223,8071,17361,2090,1722,4738,8550,25911,2014,nov
Teller,2587,7567,5418,15572,377,979,842,2198,17770,2014,nov
Washington,270,2077,483,2830,68,210,173,451,3281,2014,nov
Weld,32044,53255,52287,137586,7148,8135,14428,29711,167297,2014,nov
Yuma,830,2981,1499,5310,139,365,406,910,6220,2014,nov
Adams,75113,54574,82963,212650,11313,6675,14709,32697,245347,2015,oct
Alamosa,2956,2255,2257,7468,477,316,628,1421,8889,2015,oct
Arapahoe,107701,102294,121598,331593,19102,11996,26959,58057,389650,2015,oct
Archuleta,1777,3859,2326,7962,394,646,665,1705,9667,2015,oct
Baca,651,1190,675,2516,46,96,111,253,2769,2015,oct
Bent,780,861,670,2311,160,110,206,476,2787,2015,oct
Boulder,82266,35562,77148,194976,17166,8620,26854,52640,247616,2015,oct
Broomfield,11008,11975,15179,38162,1768,1639,3070,6477,44639,2015,oct
Chaffee,3094,4398,4341,11833,407,533,904,1844,13677,2015,oct
Cheyenne,150,859,299,1308,17,38,39,94,1402,2015,oct
Clear Creek,1972,1932,2588,6492,269,272,505,1046,7538,2015,oct
Conejos,2330,1677,706,4713,375,262,217,854,5567,2015,oct
Costilla,1595,330,451,2376,160,80,182,422,2798,2015,oct
Crowley,431,918,437,1786,61,61,85,207,1993,2015,oct
Custer,468,1940,778,3186,49,176,137,362,3548,2015,oct
Delta,3266,8574,6320,18160,507,1030,1162,2699,20859,2015,oct
Denver,168031,54313,128775,351119,31338,10070,35123,76531,427650,2015,oct
Dolores,352,639,405,1396,48,65,127,240,1636,2015,oct
Douglas,38734,92469,64999,196202,5910,11896,11684,29490,225692,2015,oct
Eagle,7649,7509,12239,27397,1114,951,2565,4630,32027,2015,oct
El Paso,72135,149388,128240,349763,15466,20551,31029,67046,416809,2015,oct
Elbert,2167,9116,5340,16623,210,795,685,1690,18313,2015,oct
Fremont,5044,10990,9036,25070,609,1099,1586,3294,28364,2015,oct
Garfield,7008,9467,13047,29522,614,891,1746,3251,32773,2015,oct
Gilpin,1269,1162,1865,4296,135,114,262,511,4807,2015,oct
Grand,1978,4061,3589,9628,290,379,714,1383,11011,2015,oct
Gunnison,2927,2625,4417,9969,497,422,1117,2036,12005,2015,oct
Hinsdale,97,408,156,661,7,18,18,43,704,2015,oct
Huerfano,1980,1102,1112,4194,155,114,227,496,4690,2015,oct
Jackson,116,692,200,1008,21,106,42,169,1177,2015,oct
Jefferson,106024,113130,137703,356857,14104,12005,21214,47323,404180,2015,oct
Kiowa,162,563,244,969,9,20,29,58,1027,2015,oct
Kit Carson,594,2429,1138,4161,78,219,290,587,4748,2015,oct
La Plata,10392,10460,12195,33047,2249,2012,3524,7785,40832,2015,oct
Lake,1689,747,1274,3710,473,256,729,1458,5168,2015,oct
Larimer,55162,68434,83848,207444,6758,6681,15169,28608,236052,2015,oct
Las Animas,3903,1967,1921,7791,689,533,651,1873,9664,2015,oct
Lincoln,403,1526,668,2597,59,158,185,402,2999,2015,oct
Logan,1853,5457,3426,10736,316,635,900,1851,12587,2015,oct
Mesa,15910,36859,30040,82809,4970,9441,12141,26552,109361,2015,oct
Mineral,306,273,148,727,28,25,33,86,813,2015,oct
Moffat,828,3892,2153,6873,412,1007,1260,2679,9552,2015,oct
Montezuma,3234,6921,4688,14843,879,1261,1652,3792,18635,2015,oct
Montrose,4154,10892,7784,22830,425,906,1241,2572,25402,2015,oct
Morgan,2768,5671,4644,13083,340,462,707,1509,14592,2015,oct
Otero,3323,3704,3075,10102,406,333,584,1323,11425,2015,oct
Ouray,960,1303,1291,3554,137,228,263,628,4182,2015,oct
Park,2252,4636,4289,11177,374,699,933,2006,13183,2015,oct
Phillips,432,1483,707,2622,106,242,188,536,3158,2015,oct
Pitkin,4312,2163,5671,12146,759,437,1232,2428,14574,2015,oct
Prowers,1319,2769,1852,5940,203,350,487,1040,6980,2015,oct
Pueblo,39857,23239,28829,91925,5652,3175,7020,15847,107772,2015,oct
Rio Blanco,325,2529,784,3638,63,318,334,715,4353,2015,oct
Rio Grande,2016,2709,1714,6439,358,405,462,1225,7664,2015,oct
Routt,4443,4509,6628,15580,806,774,1606,3186,18766,2015,oct
Saguache,1603,790,1112,3505,286,129,320,735,4240,2015,oct
San Juan,168,141,297,606,33,27,67,127,733,2015,oct
San Miguel,2107,851,1965,4923,350,147,463,960,5883,2015,oct
Sedgwick,256,872,397,1525,19,76,69,164,1689,2015,oct
Summit,5333,4385,8594,18312,1764,1371,3758,6893,25205,2015,oct
Teller,2529,7476,5451,15456,412,1004,1033,2449,17905,2015,oct
Washington,261,2074,497,2832,45,151,98,294,3126,2015,oct
Weld,32882,55044,56552,144478,4766,5446,9100,19312,163790,2015,oct
Yuma,811,3004,1581,5396,94,258,264,616,6012,2015,oct
Adams,74415,54200,81848,210463,11429,6742,14845,33016,243479,2015,sept
Alamosa,2928,2248,2235,7411,484,318,632,1434,8845,2015,sept
Arapahoe,106632,101734,120232,328598,19363,12186,27281,58830,387428,2015,sept
Archuleta,1759,3843,2296,7898,394,646,671,1711,9609,2015,sept
Baca,656,1186,664,2506,46,96,114,256,2762,2015,sept
Bent,773,849,649,2271,164,113,207,484,2755,2015,sept
Boulder,81043,35442,76636,193121,17432,8720,27176,53328,246449,2015,sept
Broomfield,10870,11926,15056,37852,1786,1639,3087,6512,44364,2015,sept
Chaffee,3036,4395,4271,11702,426,529,917,1872,13574,2015,sept
Cheyenne,151,856,299,1306,16,40,40,96,1402,2015,sept
Clear Creek,1949,1928,2578,6455,270,275,509,1054,7509,2015,sept
Conejos,2328,1682,704,4714,384,263,217,864,5578,2015,sept
Costilla,1582,327,434,2343,161,82,183,426,2769,2015,sept
Crowley,430,910,431,1771,65,64,87,216,1987,2015,sept
Custer,454,1925,761,3140,50,181,137,368,3508,2015,sept
Delta,3249,8552,6278,18079,507,1034,1178,2719,20798,2015,sept
Denver,166217,54018,127707,347942,31929,10276,35685,77890,425832,2015,sept
Dolores,353,633,405,1391,49,66,127,242,1633,2015,sept
Douglas,38390,91995,64208,194593,5964,11940,11790,29694,224287,2015,sept
Eagle,7557,7464,12099,27120,1130,962,2585,4677,31797,2015,sept
El Paso,71269,148272,126971,346512,15633,20819,31374,67826,414338,2015,sept
Elbert,2151,9059,5263,16473,210,796,688,1694,18167,2015,sept
Fremont,5032,10964,8961,24957,611,1102,1590,3303,28260,2015,sept
Garfield,6928,9426,12888,29242,628,900,1763,3291,32533,2015,sept
Gilpin,1265,1157,1850,4272,135,114,263,512,4784,2015,sept
Grand,1971,4047,3552,9570,293,378,721,1392,10962,2015,sept
Gunnison,2880,2621,4398,9899,493,413,1107,2013,11912,2015,sept
Hinsdale,95,402,150,647,7,20,18,45,692,2015,sept
Huerfano,1983,1096,1095,4174,156,114,230,500,4674,2015,sept
Jackson,118,697,195,1010,21,107,42,170,1180,2015,sept
Jefferson,104862,112429,136136,353427,14230,12114,21410,47754,401181,2015,sept
Kiowa,163,561,244,968,9,20,29,58,1026,2015,sept
Kit Carson,596,2421,1127,4144,79,220,292,591,4735,2015,sept
La Plata,10307,10417,12127,32851,2287,2039,3573,7899,40750,2015,sept
Lake,1668,741,1247,3656,479,259,734,1472,5128,2015,sept
Larimer,54536,68223,83391,206150,6846,6742,15351,28939,235089,2015,sept
Las Animas,3883,1947,1891,7721,695,532,653,1880,9601,2015,sept
Lincoln,395,1516,656,2567,60,157,187,404,2971,2015,sept
Logan,1848,5439,3404,10691,322,638,903,1863,12554,2015,sept
Mesa,15762,36645,29696,82103,5019,9542,12244,26805,108908,2015,sept
Mineral,307,274,149,730,28,25,33,86,816,2015,sept
Moffat,821,3868,2131,6820,415,1021,1267,2703,9523,2015,sept
Montezuma,3210,6897,4664,14771,878,1272,1661,3811,18582,2015,sept
Montrose,4125,10811,7739,22675,429,919,1250,2598,25273,2015,sept
Morgan,2763,5641,4589,12993,347,472,721,1540,14533,2015,sept
Otero,3312,3672,3019,10003,417,339,593,1349,11352,2015,sept
Ouray,949,1309,1278,3536,138,232,265,635,4171,2015,sept
Park,2225,4604,4235,11064,376,703,942,2021,13085,2015,sept
Phillips,431,1472,694,2597,107,247,190,544,3141,2015,sept
Pitkin,4248,2140,5603,11991,772,442,1256,2470,14461,2015,sept
Prowers,1312,2757,1821,5890,204,354,492,1050,6940,2015,sept
Pueblo,39736,23102,28571,91409,5716,3207,7070,15993,107402,2015,sept
Rio Blanco,324,2520,773,3617,62,322,337,721,4338,2015,sept
Rio Grande,2008,2698,1685,6391,361,408,464,1233,7624,2015,sept
Routt,4382,4446,6524,15352,815,788,1626,3229,18581,2015,sept
Saguache,1603,787,1099,3489,289,129,323,741,4230,2015,sept
San Juan,169,143,292,604,34,27,68,129,733,2015,sept
San Miguel,2070,840,1932,4842,355,148,472,975,5817,2015,sept
Sedgwick,257,869,392,1518,19,75,70,164,1682,2015,sept
Summit,5276,4357,8558,18191,1774,1382,3772,6928,25119,2015,sept
Teller,2509,7425,5412,15346,415,1013,1047,2475,17821,2015,sept
Washington,260,2071,492,2823,47,151,97,295,3118,2015,sept
Weld,32584,54593,55923,143100,4833,5525,9214,19572,162672,2015,sept
Yuma,804,2972,1570,5346,95,262,266,623,5969,2015,sept
Adams,75129,53355,78751,207235,15816,10535,21353,47704,254939,2014,apr
Alamosa,3046,2319,2247,7612,455,304,628,1387,8999,2014,apr
Arapahoe,107467,101928,114118,323513,18050,11636,22413,52099,375612,2014,apr
Archuleta,1754,3648,2298,7700,430,730,712,1872,9572,2014,apr
Baca,711,1201,600,2512,57,111,118,286,2798,2014,apr
Bent,812,806,628,2246,120,101,174,395,2641,2014,apr
Boulder,78193,35859,71503,185555,20993,10016,30449,61458,247013,2014,apr
Broomfield,10280,11521,13746,35547,1738,1691,2822,6251,41798,2014,apr
Chaffee,3069,4387,4098,11554,334,444,726,1504,13058,2014,apr
Cheyenne,166,815,298,1279,17,52,47,116,1395,2014,apr
Clear Creek,1968,1924,2594,6486,273,258,488,1019,7505,2014,apr
Conejos,2431,1714,666,4811,347,217,180,744,5555,2014,apr
Costilla,1580,310,396,2286,153,68,132,353,2639,2014,apr
Crowley,449,892,409,1750,61,76,91,228,1978,2014,apr
Custer,433,1875,744,3052,62,171,145,378,3430,2014,apr
Delta,3277,8415,5703,17395,652,1298,1414,3364,20759,2014,apr
Denver,167780,54282,120500,342562,45160,19827,52871,117858,460420,2014,apr
Dolores,383,623,426,1432,43,52,108,203,1635,2014,apr
Douglas,36537,87215,62543,186295,6908,14274,13492,34674,220969,2014,apr
Eagle,7228,7123,11418,25769,1594,1451,3614,6659,32428,2014,apr
El Paso,69920,143684,117412,331016,18894,25707,36080,80681,411697,2014,apr
Elbert,2161,8736,5105,16002,332,1142,908,2382,18384,2014,apr
Fremont,5133,10663,8395,24191,721,1258,1713,3692,27883,2014,apr
Garfield,6699,9212,11810,27721,868,1289,2678,4835,32556,2014,apr
Gilpin,1172,1028,1588,3788,124,110,239,473,4261,2014,apr
Grand,2105,3967,3358,9430,359,477,869,1705,11135,2014,apr
Gunnison,2737,2542,4073,9352,552,501,1430,2483,11835,2014,apr
Hinsdale,104,403,149,656,6,53,20,79,735,2014,apr
Huerfano,1950,991,1034,3975,355,268,338,961,4936,2014,apr
Jackson,121,719,146,986,15,79,46,140,1126,2014,apr
Jefferson,104130,112230,128905,345265,20420,19974,30364,70758,416023,2014,apr
Kiowa,176,522,229,927,13,43,39,95,1022,2014,apr
Kit Carson,638,2403,1195,4236,127,331,373,831,5067,2014,apr
La Plata,10034,10267,11942,32243,2689,2514,4342,9545,41788,2014,apr
Lake,1609,699,1163,3471,456,230,645,1331,4802,2014,apr
Larimer,52118,65916,78860,196894,7572,7275,16557,31404,228298,2014,apr
Las Animas,4091,1861,1847,7799,823,692,713,2228,10027,2014,apr
Lincoln,416,1512,678,2606,73,148,165,386,2992,2014,apr
Logan,1917,5333,3221,10471,345,603,865,1813,12284,2014,apr
Mesa,15941,36093,28825,80859,5223,9823,12132,27178,108037,2014,apr
Mineral,321,255,144,720,29,31,23,83,803,2014,apr
Moffat,878,3865,2143,6886,409,987,1131,2527,9413,2014,apr
Montezuma,3364,7011,4776,15151,680,1011,1254,2945,18096,2014,apr
Montrose,4150,10476,7701,22327,520,1180,1664,3364,25691,2014,apr
Morgan,2877,5614,4479,12970,417,502,927,1846,14816,2014,apr
Otero,3379,3609,2933,9921,345,290,478,1113,11034,2014,apr
Ouray,932,1308,1203,3443,166,278,326,770,4213,2014,apr
Park,2211,4356,4148,10715,401,733,923,2057,12772,2014,apr
Phillips,455,1480,679,2614,116,274,224,614,3228,2014,apr
Pitkin,4353,2202,5710,12265,854,588,1406,2848,15113,2014,apr
Prowers,1370,2661,1812,5843,158,260,393,811,6654,2014,apr
Pueblo,40322,22266,27119,89707,5719,3343,6951,16013,105720,2014,apr
Rio Blanco,353,2507,830,3690,59,287,277,623,4313,2014,apr
Rio Grande,2055,2719,1701,6475,339,404,419,1162,7637,2014,apr
Routt,4348,4454,6171,14973,841,784,1576,3201,18174,2014,apr
Saguache,1622,726,1129,3477,284,151,310,745,4222,2014,apr
San Juan,167,145,294,606,24,17,51,92,698,2014,apr
San Miguel,2066,834,1838,4738,547,250,810,1607,6345,2014,apr
Sedgwick,270,864,371,1505,13,70,65,148,1653,2014,apr
Summit,5026,4264,8264,17554,1471,1273,3581,6325,23879,2014,apr
Teller,2515,7321,5158,14994,348,923,845,2116,17110,2014,apr
Washington,293,1996,574,2863,57,189,141,387,3250,2014,apr
Weld,32384,51766,52314,136464,5876,6485,12127,24488,160952,2014,apr
Yuma,865,2850,1586,5301,121,294,330,745,6046,2014,apr
Adams,72638,52569,79440,204647,18987,12622,20877,52486,257133,2014,aug
Alamosa,2949,2242,2260,7451,569,375,610,1554,9005,2014,aug
Arapahoe,103607,99705,116253,319565,23672,15514,22132,61318,380883,2014,aug
Archuleta,1770,3880,2162,7812,423,696,735,1854,9666,2014,aug
Baca,697,1193,599,2489,58,115,113,286,2775,2014,aug
Bent,779,836,599,2214,151,121,176,448,2662,2014,aug
Boulder,76861,35081,72040,183982,23514,11031,30836,65381,249363,2014,aug
Broomfield,10253,11462,13915,35630,2052,1971,2809,6832,42462,2014,aug
Chaffee,2980,4374,4036,11390,450,579,777,1806,13196,2014,aug
Cheyenne,160,859,280,1299,17,54,48,119,1418,2014,aug
Clear Creek,1969,1936,2526,6431,314,307,479,1100,7531,2014,aug
Conejos,2383,1704,670,4757,393,238,178,809,5566,2014,aug
Costilla,1611,313,388,2312,168,79,133,380,2692,2014,aug
Crowley,439,897,406,1742,77,95,88,260,2002,2014,aug
Custer,438,1967,670,3075,67,188,143,398,3473,2014,aug
Delta,3227,8361,5632,17220,705,1459,1482,3646,20866,2014,aug
Denver,164283,53567,124212,342062,50413,21394,51840,123647,465709,2014,aug
Dolores,373,622,414,1409,50,66,115,231,1640,2014,aug
Douglas,37084,88711,60494,186289,7966,16264,13499,37729,224018,2014,aug
Eagle,7228,7146,11370,25744,1781,1603,3658,7042,32786,2014,aug
El Paso,68884,144057,116881,329822,21228,28441,37473,87142,416964,2014,aug
Elbert,2116,8722,5095,15933,383,1303,876,2562,18495,2014,aug
Fremont,5056,10770,8308,24134,844,1483,1681,4008,28142,2014,aug
Garfield,6480,8964,11987,27431,1193,1732,2579,5504,32935,2014,aug
Gilpin,1192,1101,1631,3924,118,98,234,450,4374,2014,aug
Grand,2008,4075,3300,9383,420,557,881,1858,11241,2014,aug
Gunnison,2666,2447,4145,9258,705,650,1390,2745,12003,2014,aug
Hinsdale,104,416,147,667,6,50,17,73,740,2014,aug
Huerfano,1985,1043,990,4018,334,253,354,941,4959,2014,aug
Jackson,113,691,152,956,22,117,45,184,1140,2014,aug
Jefferson,101844,111251,130566,343661,23104,21911,29846,74861,418522,2014,aug
Kiowa,167,533,220,920,18,47,39,104,1024,2014,aug
Kit Carson,615,2420,1157,4192,149,374,365,888,5080,2014,aug
La Plata,9894,10213,11681,31788,3123,2862,4323,10308,42096,2014,aug
Lake,1646,723,1075,3444,448,221,701,1370,4814,2014,aug
Larimer,51722,65808,78694,196224,9205,8965,16375,34545,230769,2014,aug
Las Animas,4059,1886,1841,7786,850,705,700,2255,10041,2014,aug
Lincoln,415,1511,653,2579,76,165,159,400,2979,2014,aug
Logan,1887,5306,3330,10523,364,683,803,1850,12373,2014,aug
Mesa,15654,35803,28867,80324,5535,10651,11961,28147,108471,2014,aug
Mineral,305,240,145,690,45,47,22,114,804,2014,aug
Moffat,836,3852,2129,6817,431,1047,1116,2594,9411,2014,aug
Montezuma,3202,6916,4746,14864,828,1295,1216,3339,18203,2014,aug
Montrose,4104,10612,7605,22321,604,1361,1643,3608,25929,2014,aug
Morgan,2785,5547,4483,12815,488,646,900,2034,14849,2014,aug
Otero,3340,3625,2927,9892,403,352,473,1228,11120,2014,aug
Ouray,921,1298,1199,3418,185,306,315,806,4224,2014,aug
Park,2182,4531,4018,10731,463,816,920,2199,12930,2014,aug
Phillips,463,1507,682,2652,110,262,222,594,3246,2014,aug
Pitkin,4046,2035,5731,11812,1272,807,1411,3490,15302,2014,aug
Prowers,1323,2699,1757,5779,210,345,376,931,6710,2014,aug
Pueblo,39567,22404,27223,89194,6449,3730,6881,17060,106254,2014,aug
Rio Blanco,336,2534,782,3652,73,343,276,692,4344,2014,aug
Rio Grande,2035,2668,1661,6364,401,483,406,1290,7654,2014,aug
Routt,4271,4409,6234,14914,999,926,1546,3471,18385,2014,aug
Saguache,1614,765,1070,3449,316,157,309,782,4231,2014,aug
San Juan,160,136,289,585,34,26,51,111,696,2014,aug
San Miguel,2028,816,1867,4711,614,280,796,1690,6401,2014,aug
Sedgwick,266,864,361,1491,18,86,69,173,1664,2014,aug
Summit,4954,4205,8298,17457,1686,1418,3521,6625,24082,2014,aug
Teller,2514,7265,5110,14889,410,1136,849,2395,17284,2014,aug
Washington,276,2069,512,2857,62,206,142,410,3267,2014,aug
Weld,31577,52123,51917,135617,7238,8365,11873,27476,163093,2014,aug
Yuma,825,2921,1542,5288,143,350,320,813,6101,2014,aug
Adams,74295,52510,76403,203208,17626,11899,23385,52910,256118,2013,dec
Alamosa,3051,2300,2211,7562,559,369,700,1628,9190,2013,dec
Arapahoe,105915,100590,110113,316618,22013,15237,26073,63323,379941,2013,dec
Archuleta,1739,3564,2203,7506,577,1153,889,2619,10125,2013,dec
Baca,701,1185,564,2450,88,145,150,383,2833,2013,dec
Bent,811,788,616,2215,188,143,241,572,2787,2013,dec
Boulder,77246,35561,69200,182007,22342,10578,31854,64774,246781,2013,dec
Broomfield,10043,11356,13065,34464,2232,2177,3579,7988,42452,2013,dec
Chaffee,3050,4321,3982,11353,440,555,873,1868,13221,2013,dec
Cheyenne,164,814,292,1270,25,67,53,145,1415,2013,dec
Clear Creek,1940,1885,2463,6288,432,440,725,1597,7885,2013,dec
Conejos,2431,1695,644,4770,358,232,182,772,5542,2013,dec
Costilla,1567,303,373,2243,232,102,172,506,2749,2013,dec
Crowley,445,876,383,1704,84,110,126,320,2024,2013,dec
Custer,477,1704,747,2928,63,187,152,402,3330,2013,dec
Delta,3303,8439,5619,17361,733,1440,1513,3686,21047,2013,dec
Denver,166155,53543,116586,336284,46073,20252,53530,119855,456139,2013,dec
Dolores,386,626,416,1428,56,76,126,258,1686,2013,dec
Douglas,35975,85291,60325,181591,7290,15208,14224,36722,218313,2013,dec
Eagle,7166,7010,11131,25307,1759,1661,3976,7396,32703,2013,dec
El Paso,68938,141573,113121,323632,21760,30173,40079,92012,415644,2013,dec
Elbert,2121,8507,4906,15534,363,1269,976,2608,18142,2013,dec
Fremont,5130,10570,8104,23804,820,1443,1872,4135,27939,2013,dec
Garfield,6643,9091,11438,27172,1015,1513,2985,5513,32685,2013,dec
Gilpin,1177,997,1530,3704,363,296,644,1303,5007,2013,dec
Grand,2100,3920,3247,9267,625,871,1284,2780,12047,2013,dec
Gunnison,2702,2515,3936,9153,581,533,1496,2610,11763,2013,dec
Hinsdale,103,392,139,634,9,56,20,85,719,2013,dec
Huerfano,1936,977,1017,3930,367,274,353,994,4924,2013,dec
Jackson,121,687,162,970,16,87,33,136,1106,2013,dec
Jefferson,103189,111071,124901,339161,21794,21475,32121,75390,414551,2013,dec
Kiowa,183,508,225,916,11,46,39,96,1012,2013,dec
Kit Carson,636,2367,1155,4158,136,347,389,872,5030,2013,dec
La Plata,9839,10093,11476,31408,2951,2723,4703,10377,41785,2013,dec
Lake,1608,667,1132,3407,557,301,730,1588,4995,2013,dec
Larimer,51608,65040,76249,192897,9040,8728,18491,36259,229156,2013,dec
Las Animas,4097,1847,1823,7767,853,718,741,2312,10079,2013,dec
Lincoln,419,1499,654,2572,95,193,204,492,3064,2013,dec
Logan,1927,5319,3142,10388,378,652,913,1943,12331,2013,dec
Mesa,15792,35655,27928,79375,5502,10408,12657,28567,107942,2013,dec
Mineral,326,249,140,715,64,59,32,155,870,2013,dec
Moffat,878,3829,2066,6773,427,1061,1186,2674,9447,2013,dec
Montezuma,3333,6900,4661,14894,1262,1749,1836,4847,19741,2013,dec
Montrose,4141,10349,7557,22047,589,1332,1809,3730,25777,2013,dec
Morgan,2853,5552,4364,12769,590,867,1176,2633,15402,2013,dec
Otero,3355,3554,2812,9721,592,546,712,1850,11571,2013,dec
Ouray,919,1308,1186,3413,176,289,338,803,4216,2013,dec
Park,2195,4278,4023,10496,532,995,1272,2799,13295,2013,dec
Phillips,448,1459,631,2538,126,290,240,656,3194,2013,dec
Pitkin,4333,2186,5605,12124,849,591,1397,2837,14961,2013,dec
Prowers,1374,2528,1793,5695,242,439,546,1227,6922,2013,dec
Pueblo,40157,21954,26397,88508,8285,4896,9295,22476,110984,2013,dec
Rio Blanco,362,2471,810,3643,71,371,328,770,4413,2013,dec
Rio Grande,2029,2700,1647,6376,400,491,475,1366,7742,2013,dec
Routt,4290,4390,5998,14678,1023,990,1883,3896,18574,2013,dec
Saguache,1600,712,1088,3400,319,160,326,805,4205,2013,dec
San Juan,159,136,276,571,27,17,55,99,670,2013,dec
San Miguel,2054,830,1821,4705,632,291,894,1817,6522,2013,dec
Sedgwick,271,857,369,1497,15,73,66,154,1651,2013,dec
Summit,4907,4150,8037,17094,2257,1923,4890,9070,26164,2013,dec
Teller,2509,7197,4991,14697,460,1127,1110,2697,17394,2013,dec
Washington,299,1971,562,2832,72,235,168,475,3307,2013,dec
Weld,32178,50760,50568,133506,7552,9269,14877,31698,165204,2013,dec
Yuma,863,2798,1565,5226,189,505,472,1166,6392,2013,dec
Adams,74838,53004,77637,205479,16751,11174,22403,50328,255807,2014,feb
Alamosa,3046,2309,2223,7578,507,325,663,1495,9073,2014,feb
Arapahoe,106833,101325,112111,320269,19393,12545,23361,55299,375568,2014,feb
Archuleta,1751,3605,2244,7600,438,758,727,1923,9523,2014,feb
Baca,703,1195,584,2482,81,131,143,355,2837,2014,feb
Bent,810,789,623,2222,121,103,179,403,2625,2014,feb
Boulder,77873,35761,70412,184046,21393,10183,30946,62522,246568,2014,feb
Broomfield,10226,11479,13524,35229,2204,2167,3525,7896,43125,2014,feb
Chaffee,3062,4348,4023,11433,429,525,836,1790,13223,2014,feb
Cheyenne,164,814,291,1269,21,60,52,133,1402,2014,feb
Clear Creek,1967,1923,2555,6445,393,398,686,1477,7922,2014,feb
Conejos,2429,1709,652,4790,354,226,182,762,5552,2014,feb
Costilla,1573,307,384,2264,221,99,166,486,2750,2014,feb
Crowley,454,885,400,1739,62,79,93,234,1973,2014,feb
Custer,459,1764,758,2981,63,177,147,387,3368,2014,feb
Delta,3323,8480,5693,17496,708,1403,1476,3587,21083,2014,feb
Denver,167148,54050,118566,339764,45422,19940,53054,118416,458180,2014,feb
Dolores,385,630,421,1436,43,54,108,205,1641,2014,feb
Douglas,36385,86604,61650,184639,6937,14301,13579,34817,219456,2014,feb
Eagle,7201,7063,11255,25519,1618,1486,3687,6791,32310,2014,feb
El Paso,69366,142575,115526,327467,20325,27405,37841,85571,413038,2014,feb
Elbert,2149,8639,5023,15811,338,1167,921,2426,18237,2014,feb
Fremont,5134,10630,8259,24023,730,1272,1707,3709,27732,2014,feb
Garfield,6685,9169,11627,27481,980,1453,2922,5355,32836,2014,feb
Gilpin,1176,1007,1559,3742,123,112,244,479,4221,2014,feb
Grand,2101,3943,3300,9344,537,706,1129,2372,11716,2014,feb
Gunnison,2715,2524,4013,9252,561,512,1450,2523,11775,2014,feb
Hinsdale,105,399,146,650,6,53,20,79,729,2014,feb
Huerfano,1942,988,1026,3956,361,269,344,974,4930,2014,feb
Jackson,122,696,172,990,15,80,33,128,1118,2014,feb
Jefferson,103816,111878,127164,342858,20726,20256,30773,71755,414613,2014,feb
Kiowa,182,509,231,922,11,44,39,94,1016,2014,feb
Kit Carson,637,2388,1179,4204,131,338,378,847,5051,2014,feb
La Plata,9993,10230,11796,32019,2759,2577,4456,9792,41811,2014,feb
Lake,1616,688,1158,3462,463,242,646,1351,4813,2014,feb
Larimer,51940,65572,77683,195195,8635,8202,17827,34664,229859,2014,feb
Las Animas,4099,1850,1837,7786,834,701,726,2261,10047,2014,feb
Lincoln,420,1508,667,2595,74,150,168,392,2987,2014,feb
Logan,1921,5327,3195,10443,353,606,871,1830,12273,2014,feb
Mesa,15919,36007,28505,80431,5296,9934,12253,27483,107914,2014,feb
Mineral,321,253,145,719,29,31,23,83,802,2014,feb
Moffat,883,3847,2113,6843,412,998,1147,2557,9400,2014,feb
Montezuma,3354,6948,4744,15046,1127,1557,1715,4399,19445,2014,feb
Montrose,4151,10412,7608,22171,571,1270,1762,3603,25774,2014,feb
Morgan,2874,5573,4425,12872,555,812,1125,2492,15364,2014,feb
Otero,3378,3588,2885,9851,499,455,631,1585,11436,2014,feb
Ouray,933,1306,1191,3430,166,282,333,781,4211,2014,feb
Park,2210,4324,4095,10629,491,899,1178,2568,13197,2014,feb
Phillips,446,1468,652,2566,123,281,228,632,3198,2014,feb
Pitkin,4339,2191,5649,12179,857,590,1406,2853,15032,2014,feb
Prowers,1376,2564,1814,5754,169,283,420,872,6626,2014,feb
Pueblo,40277,22112,26799,89188,6517,3949,7653,18119,107307,2014,feb
Rio Blanco,357,2490,819,3666,58,289,278,625,4291,2014,feb
Rio Grande,2044,2716,1680,6440,392,482,469,1343,7783,2014,feb
Routt,4338,4439,6100,14877,958,907,1774,3639,18516,2014,feb
Saguache,1606,716,1102,3424,298,152,315,765,4189,2014,feb
San Juan,161,142,283,586,25,17,53,95,681,2014,feb
San Miguel,2058,829,1825,4712,579,261,835,1675,6387,2014,feb
Sedgwick,271,857,372,1500,14,70,64,148,1648,2014,feb
Summit,4972,4219,8145,17336,2097,1759,4674,8530,25866,2014,feb
Teller,2512,7269,5093,14874,349,926,854,2129,17003,2014,feb
Washington,297,1969,564,2830,34,113,118,265,3095,2014,feb
Weld,32337,51326,51521,135184,6244,7020,12714,25978,161162,2014,feb
Yuma,868,2810,1579,5257,123,305,334,762,6019,2014,feb
Adams,74607,52836,77039,204482,17237,11558,23003,51798,256280,2014,jan
Alamosa,3045,2309,2215,7569,560,364,700,1624,9193,2014,jan
Arapahoe,106514,101079,111372,318965,20684,13765,24627,59076,378041,2014,jan
Archuleta,1748,3578,2219,7545,507,957,813,2277,9822,2014,jan
Baca,702,1190,569,2461,86,138,147,371,2832,2014,jan
Bent,814,789,620,2223,184,141,238,563,2786,2014,jan
Boulder,77559,35699,69814,183072,22044,10465,31596,64105,247177,2014,jan
Broomfield,10188,11439,13382,35009,2214,2161,3543,7918,42927,2014,jan
Chaffee,3062,4331,4006,11399,434,536,862,1832,13231,2014,jan
Cheyenne,164,812,292,1268,24,70,53,147,1415,2014,jan
Clear Creek,1959,1909,2527,6395,408,411,700,1519,7914,2014,jan
Conejos,2429,1704,649,4782,354,229,182,765,5547,2014,jan
Costilla,1570,305,381,2256,225,99,167,491,2747,2014,jan
Crowley,453,880,395,1728,82,106,125,313,2041,2014,jan
Custer,479,1720,762,2961,63,179,150,392,3353,2014,jan
Delta,3313,8475,5659,17447,718,1415,1485,3618,21065,2014,jan
Denver,166580,53769,117522,337871,45961,20194,53463,119618,457489,2014,jan
Dolores,386,630,417,1433,56,72,125,253,1686,2014,jan
Douglas,36241,86179,61163,183583,7021,14503,13776,35300,218883,2014,jan
Eagle,7190,7040,11195,25425,1754,1648,3966,7368,32793,2014,jan
El Paso,69101,141984,114397,325482,21447,29291,39398,90136,415618,2014,jan
Elbert,2138,8609,4967,15714,348,1201,938,2487,18201,2014,jan
Fremont,5131,10599,8184,23914,816,1426,1848,4090,28004,2014,jan
Garfield,6680,9144,11516,27340,989,1467,2942,5398,32738,2014,jan
Gilpin,1177,1001,1543,3721,301,248,563,1112,4833,2014,jan
Grand,2103,3941,3269,9313,616,861,1286,2763,12076,2014,jan
Gunnison,2706,2525,3985,9216,566,515,1459,2540,11756,2014,jan
Hinsdale,103,395,140,638,6,54,20,80,718,2014,jan
Huerfano,1942,981,1022,3945,361,271,347,979,4924,2014,jan
Jackson,121,691,170,982,16,80,33,129,1111,2014,jan
Jefferson,103777,111750,126355,341882,21245,20840,31403,73488,415370,2014,jan
Kiowa,183,508,230,921,11,45,38,94,1015,2014,jan
Kit Carson,639,2378,1172,4189,135,338,382,855,5044,2014,jan
La Plata,9899,10152,11595,31646,2913,2701,4663,10277,41923,2014,jan
Lake,1619,687,1164,3470,540,287,716,1543,5013,2014,jan
Larimer,51752,65295,76884,193931,8780,8371,18052,35203,229134,2014,jan
Las Animas,4098,1852,1832,7782,838,709,732,2279,10061,2014,jan
Lincoln,424,1504,664,2592,95,191,203,489,3081,2014,jan
Logan,1926,5329,3166,10421,377,648,905,1930,12351,2014,jan
Mesa,15839,35838,28206,79883,5424,10189,12473,28086,107969,2014,jan
Mineral,325,250,142,717,63,55,30,148,865,2014,jan
Moffat,884,3840,2108,6832,417,1029,1165,2611,9443,2014,jan
Montezuma,3356,6920,4718,14994,1239,1734,1817,4790,19784,2014,jan
Montrose,4139,10383,7563,22085,586,1305,1792,3683,25768,2014,jan
Morgan,2865,5575,4391,12831,577,835,1155,2567,15398,2014,jan
Otero,3377,3567,2862,9806,563,495,676,1734,11540,2014,jan
Ouray,928,1313,1190,3431,169,283,334,786,4217,2014,jan
Park,2213,4294,4062,10569,531,987,1265,2783,13352,2014,jan
Phillips,446,1465,639,2550,126,288,238,652,3202,2014,jan
Pitkin,4331,2185,5606,12122,857,591,1406,2854,14976,2014,jan
Prowers,1376,2546,1803,5725,241,429,538,1208,6933,2014,jan
Pueblo,40196,22023,26590,88809,8213,4863,9235,22311,111120,2014,jan
Rio Blanco,358,2481,819,3658,71,366,327,764,4422,2014,jan
Rio Grande,2039,2713,1668,6420,395,485,472,1352,7772,2014,jan
Routt,4322,4426,6073,14821,975,933,1802,3710,18531,2014,jan
Saguache,1598,714,1093,3405,318,160,325,803,4208,2014,jan
San Juan,162,139,276,577,27,17,54,98,675,2014,jan
San Miguel,2060,832,1823,4715,618,286,886,1790,6505,2014,jan
Sedgwick,273,851,370,1494,15,73,68,156,1650,2014,jan
Summit,4936,4211,8100,17247,2205,1868,4844,8917,26164,2014,jan
Teller,2508,7219,5047,14774,450,1108,1100,2658,17432,2014,jan
Washington,299,1971,563,2833,70,234,165,469,3302,2014,jan
Weld,32320,51117,51128,134565,7371,8896,14517,30784,165349,2014,jan
Yuma,867,2804,1572,5243,184,489,468,1141,6384,2014,jan
Adams,72416,52419,79038,203873,19186,12707,20831,52724,256597,2014,july
Alamosa,2932,2242,2248,7422,581,397,611,1589,9011,2014,july
Arapahoe,102866,99310,114821,316997,24009,15697,22099,61805,378802,2014,july
Archuleta,1769,3882,2147,7798,427,695,740,1862,9660,2014,july
Baca,698,1191,585,2474,63,125,115,303,2777,2014,july
Bent,779,831,593,2203,152,122,178,452,2655,2014,july
Boulder,76259,34932,71111,182302,24186,11375,31108,66669,248971,2014,july
Broomfield,10154,11436,13775,35365,2122,2027,2811,6960,42325,2014,july
Chaffee,2963,4361,3997,11321,452,584,780,1816,13137,2014,july
Cheyenne,159,854,277,1290,20,55,49,124,1414,2014,july
Clear Creek,1959,1924,2506,6389,319,311,482,1112,7501,2014,july
Conejos,2384,1703,671,4758,394,239,180,813,5571,2014,july
Costilla,1608,307,381,2296,173,84,134,391,2687,2014,july
Crowley,437,895,397,1729,78,98,87,263,1992,2014,july
Custer,434,1970,658,3062,73,196,144,413,3475,2014,july
Delta,3215,8327,5540,17082,728,1502,1497,3727,20809,2014,july
Denver,162815,53155,122223,338193,51350,21640,52147,125137,463330,2014,july
Dolores,372,623,409,1404,52,68,115,235,1639,2014,july
Douglas,36882,88169,59877,184928,8184,16712,13517,38413,223341,2014,july
Eagle,7156,7101,11245,25502,1833,1654,3680,7167,32669,2014,july
El Paso,68526,143400,115806,327732,21466,28798,37482,87746,415478,2014,july
Elbert,2109,8691,5070,15870,391,1342,882,2615,18485,2014,july
Fremont,5052,10743,8233,24028,874,1527,1705,4106,28134,2014,july
Garfield,6443,8912,11878,27233,1212,1758,2591,5561,32794,2014,july
Gilpin,1185,1103,1598,3886,119,100,236,455,4341,2014,july
Grand,2001,4099,3242,9342,420,564,882,1866,11208,2014,july
Gunnison,2648,2425,4090,9163,714,657,1403,2774,11937,2014,july
Hinsdale,105,417,142,664,6,52,20,78,742,2014,july
Huerfano,1985,1036,977,3998,340,253,355,948,4946,2014,july
Jackson,111,692,149,952,22,117,46,185,1137,2014,july
Jefferson,101296,110820,129217,341333,23627,22396,30039,76062,417395,2014,july
Kiowa,167,529,220,916,18,50,39,107,1023,2014,july
Kit Carson,615,2406,1146,4167,149,385,368,902,5069,2014,july
La Plata,9798,10142,11628,31568,3181,2898,4282,10361,41929,2014,july
Lake,1653,722,1067,3442,448,220,704,1372,4814,2014,july
Larimer,51337,65543,77800,194680,9422,9191,16455,35068,229748,2014,july
Las Animas,4061,1880,1814,7755,860,715,713,2288,10043,2014,july
Lincoln,414,1515,647,2576,76,166,160,402,2978,2014,july
Logan,1885,5296,3299,10480,377,700,822,1899,12379,2014,july
Mesa,15595,35686,28646,79927,5604,10743,12003,28350,108277,2014,july
Mineral,305,236,144,685,46,49,23,118,803,2014,july
Moffat,837,3829,2073,6739,439,1077,1121,2637,9376,2014,july
Montezuma,3186,6901,4701,14788,834,1302,1227,3363,18151,2014,july
Montrose,4088,10544,7533,22165,643,1430,1657,3730,25895,2014,july
Morgan,2785,5538,4449,12772,493,664,904,2061,14833,2014,july
Otero,3331,3613,2898,9842,416,368,476,1260,11102,2014,july
Ouray,916,1291,1191,3398,191,306,317,814,4212,2014,july
Park,2185,4511,3973,10669,456,821,917,2194,12863,2014,july
Phillips,462,1506,676,2644,113,264,222,599,3243,2014,july
Pitkin,4029,2021,5716,11766,1285,813,1405,3503,15269,2014,july
Prowers,1307,2695,1734,5736,218,355,381,954,6690,2014,july
Pueblo,39394,22264,26881,88539,6721,3894,6993,17608,106147,2014,july
Rio Blanco,334,2517,774,3625,76,354,276,706,4331,2014,july
Rio Grande,2022,2645,1640,6307,416,511,412,1339,7646,2014,july
Routt,4263,4392,6185,14840,1008,948,1561,3517,18357,2014,july
Saguache,1607,764,1066,3437,320,158,310,788,4225,2014,july
San Juan,160,137,288,585,34,26,51,111,696,2014,july
San Miguel,2016,812,1847,4675,615,282,800,1697,6372,2014,july
Sedgwick,264,870,357,1491,21,85,68,174,1665,2014,july
Summit,5102,4321,8257,17680,1545,1324,3556,6425,24105,2014,july
Teller,2496,7224,5049,14769,426,1172,861,2459,17228,2014,july
Washington,278,2073,507,2858,65,211,143,419,3277,2014,july
Weld,31770,52174,51381,135325,7023,8038,11978,27039,162364,2014,july
Yuma,820,2922,1526,5268,146,356,322,824,6092,2014,july
Adams,76140,54745,78229,209114,15409,10259,20984,46652,255766,2014,june
Alamosa,3068,2336,2221,7625,445,301,615,1361,8986,2014,june
Arapahoe,108673,103294,113578,325545,17944,11589,22320,51853,377398,2014,june
Archuleta,1769,3883,2113,7765,427,699,741,1867,9632,2014,june
Baca,714,1227,579,2520,57,105,115,277,2797,2014,june
Bent,819,857,589,2265,118,98,178,394,2659,2014,june
Boulder,79532,36461,71350,187343,20743,9893,30133,60769,248112,2014,june
Broomfield,10482,11737,13610,35829,1725,1689,2808,6222,42051,2014,june
Chaffee,3070,4531,3997,11598,334,436,719,1489,13087,2014,june
Cheyenne,168,854,278,1300,16,49,47,112,1412,2014,june
Clear Creek,1999,1970,2506,6475,277,264,484,1025,7500,2014,june
Conejos,2442,1728,664,4834,343,213,180,736,5570,2014,june
Costilla,1632,321,374,2327,144,67,133,344,2671,2014,june
Crowley,458,921,394,1773,58,73,88,219,1992,2014,june
Custer,427,2077,601,3105,59,161,144,364,3469,2014,june
Delta,3262,8400,5449,17111,688,1408,1515,3611,20722,2014,june
Denver,169838,55413,120721,345972,43758,19220,51903,114881,460853,2014,june
Dolores,383,636,409,1428,42,52,114,208,1636,2014,june
Douglas,38110,90284,59283,187677,6860,14169,13430,34459,222136,2014,june
Eagle,7422,7332,11233,25987,1562,1420,3640,6622,32609,2014,june
El Paso,71203,146523,115613,333339,18656,25425,35837,79918,413257,2014,june
Elbert,2194,8927,5030,16151,328,1104,888,2320,18471,2014,june
Fremont,5238,11012,8122,24372,710,1232,1701,3643,28015,2014,june
Garfield,6803,9378,11712,27893,849,1267,2642,4758,32651,2014,june
Gilpin,1181,1105,1554,3840,119,102,237,458,4298,2014,june
Grand,2044,4220,3199,9463,375,490,881,1746,11209,2014,june
Gunnison,2807,2575,4021,9403,545,493,1415,2453,11856,2014,june
Hinsdale,105,414,141,660,6,52,19,77,737,2014,june
Huerfano,1986,1034,961,3981,346,257,357,960,4941,2014,june
Jackson,119,732,143,994,14,77,46,137,1131,2014,june
Jefferson,105005,113642,128213,346860,20022,19555,30007,69584,416444,2014,june
Kiowa,175,535,220,930,13,41,39,93,1023,2014,june
Kit Carson,640,2465,1133,4238,126,326,370,822,5060,2014,june
La Plata,10294,10511,11559,32364,2656,2475,4299,9430,41794,2014,june
Lake,1663,720,1063,3446,441,221,705,1367,4813,2014,june
Larimer,53334,67537,77156,198027,7442,7221,16395,31058,229085,2014,june
Las Animas,4128,1914,1798,7840,798,679,705,2182,10022,2014,june
Lincoln,432,1552,632,2616,64,136,160,360,2976,2014,june
Logan,1934,5412,3191,10537,337,592,849,1778,12315,2014,june
Mesa,16085,36827,28505,81417,5121,9608,11988,26717,108134,2014,june
Mineral,322,257,144,723,29,30,23,82,805,2014,june
Moffat,885,3954,2075,6914,392,961,1120,2473,9387,2014,june
Montezuma,3369,7253,4635,15257,670,979,1230,2879,18136,2014,june
Montrose,4234,10824,7494,22552,504,1139,1640,3283,25835,2014,june
Morgan,2883,5724,4421,13028,407,490,909,1806,14834,2014,june
Otero,3420,3689,2871,9980,333,286,471,1090,11070,2014,june
Ouray,945,1333,1185,3463,162,266,320,748,4211,2014,june
Park,2249,4607,3960,10816,394,720,914,2028,12844,2014,june
Phillips,461,1504,665,2630,114,266,221,601,3231,2014,june
Pitkin,4011,2014,5663,11688,1306,828,1406,3540,15228,2014,june
Prowers,1369,2787,1723,5879,152,249,385,786,6665,2014,june
Pueblo,40493,22660,26506,89659,5675,3429,7045,16149,105808,2014,june
Rio Blanco,353,2600,775,3728,58,272,273,603,4331,2014,june
Rio Grande,2107,2764,1636,6507,330,397,414,1141,7648,2014,june
Routt,4421,4552,6152,15125,833,772,1546,3151,18276,2014,june
Saguache,1659,769,1062,3490,273,144,305,722,4212,2014,june
San Juan,171,148,289,608,24,17,50,91,699,2014,june
San Miguel,2091,846,1840,4777,543,248,805,1596,6373,2014,june
Sedgwick,272,890,358,1520,13,69,64,146,1666,2014,june
Summit,5181,4375,8178,17734,1449,1250,3561,6260,23994,2014,june
Teller,2576,7507,5034,15117,345,898,839,2082,17199,2014,june
Washington,295,2098,510,2903,56,183,137,376,3279,2014,june
Weld,33076,53665,50855,137596,5755,6338,12064,24157,161753,2014,june
Yuma,857,2997,1508,5362,116,286,323,725,6087,2014,june
Adams,75042,53220,78269,206531,16002,10659,21578,48239,254770,2014,mar
Alamosa,3056,2313,2235,7604,457,302,630,1389,8993,2014,mar
Arapahoe,107193,101722,113307,322222,18184,11772,22571,52527,374749,2014,mar
Archuleta,1755,3629,2277,7661,431,737,714,1882,9543,2014,mar
Baca,711,1197,592,2500,57,110,119,286,2786,2014,mar
Bent,810,798,622,2230,120,103,176,399,2629,2014,mar
Boulder,77955,35781,70809,184545,21189,10075,30669,61933,246478,2014,mar
Broomfield,10253,11495,13625,35373,1752,1697,2841,6290,41663,2014,mar
Chaffee,3071,4372,4070,11513,337,441,728,1506,13019,2014,mar
Cheyenne,164,817,294,1275,17,52,47,116,1391,2014,mar
Clear Creek,1972,1925,2578,6475,279,259,490,1028,7503,2014,mar
Conejos,2430,1706,657,4793,349,221,181,751,5544,2014,mar
Costilla,1579,309,396,2284,152,68,132,352,2636,2014,mar
Crowley,450,885,402,1737,61,77,92,230,1967,2014,mar
Custer,439,1829,754,3022,65,174,147,386,3408,2014,mar
Delta,3322,8486,5738,17546,610,1242,1338,3190,20736,2014,mar
Denver,167724,54300,119777,341801,45020,19794,52745,117559,459360,2014,mar
Dolores,386,626,426,1438,43,52,108,203,1641,2014,mar
Douglas,36457,86877,62083,185417,6934,14294,13527,34755,220172,2014,mar
Eagle,7210,7095,11322,25627,1597,1458,3637,6692,32319,2014,mar
El Paso,69580,143113,116511,329204,18983,25850,36209,81042,410246,2014,mar
Elbert,2155,8704,5080,15939,335,1147,913,2395,18334,2014,mar
Fremont,5131,10647,8322,24100,719,1260,1712,3691,27791,2014,mar
Garfield,6693,9185,11701,27579,870,1293,2682,4845,32424,2014,mar
Gilpin,1173,1016,1584,3773,124,111,240,475,4248,2014,mar
Grand,2102,3948,3324,9374,362,483,876,1721,11095,2014,mar
Gunnison,2722,2535,4040,9297,557,506,1441,2504,11801,2014,mar
Hinsdale,104,401,147,652,6,54,20,80,732,2014,mar
Huerfano,1946,990,1032,3968,357,268,339,964,4932,2014,mar
Jackson,120,708,170,998,15,79,31,125,1123,2014,mar
Jefferson,103847,111990,127783,343620,20561,20125,30553,71239,414859,2014,mar
Kiowa,180,521,229,930,11,43,39,93,1023,2014,mar
Kit Carson,639,2399,1184,4222,128,333,375,836,5058,2014,mar
La Plata,10029,10270,11893,32192,2731,2553,4407,9691,41883,2014,mar
Lake,1613,693,1162,3468,461,238,649,1348,4816,2014,mar
Larimer,52026,65728,78288,196042,7599,7299,16605,31503,227545,2014,mar
Las Animas,4098,1860,1846,7804,825,692,716,2233,10037,2014,mar
Lincoln,416,1513,672,2601,73,149,166,388,2989,2014,mar
Logan,1922,5332,3208,10462,348,601,867,1816,12278,2014,mar
Mesa,15939,36081,28710,80730,5254,9869,12184,27307,108037,2014,mar
Mineral,321,255,144,720,29,31,23,83,803,2014,mar
Moffat,880,3858,2130,6868,411,993,1138,2542,9410,2014,mar
Montezuma,3365,6984,4770,15119,684,1004,1249,2937,18056,2014,mar
Montrose,4155,10466,7668,22289,518,1182,1673,3373,25662,2014,mar
Morgan,2874,5590,4458,12922,418,505,934,1857,14779,2014,mar
Otero,3379,3605,2909,9893,342,293,479,1114,11007,2014,mar
Ouray,931,1308,1190,3429,166,279,329,774,4203,2014,mar
Park,2212,4352,4117,10681,400,731,921,2052,12733,2014,mar
Phillips,451,1477,668,2596,118,278,225,621,3217,2014,mar
Pitkin,4350,2198,5668,12216,856,588,1408,2852,15068,2014,mar
Prowers,1375,2631,1809,5815,159,262,398,819,6634,2014,mar
Pueblo,40283,22193,26916,89392,5753,3354,6994,16101,105493,2014,mar
Rio Blanco,357,2497,824,3678,58,282,277,617,4295,2014,mar
Rio Grande,2049,2717,1698,6464,340,407,422,1169,7633,2014,mar
Routt,4340,4449,6141,14930,849,783,1584,3216,18146,2014,mar
Saguache,1618,718,1118,3454,288,152,311,751,4205,2014,mar
San Juan,166,145,293,604,24,17,51,92,696,2014,mar
San Miguel,2062,832,1831,4725,550,251,811,1612,6337,2014,mar
Sedgwick,271,860,372,1503,13,70,65,148,1651,2014,mar
Summit,5010,4240,8224,17474,1473,1280,3577,6330,23804,2014,mar
Teller,2516,7292,5129,14937,350,925,846,2121,17058,2014,mar
Washington,292,1988,568,2848,57,191,144,392,3240,2014,mar
Weld,32336,51562,51928,135826,5942,6558,12242,24742,160568,2014,mar
Yuma,867,2831,1597,5295,121,296,329,746,6041,2014,mar
Adams,75377,53741,79089,208207,15518,10356,21087,46961,255168,2014,may
Alamosa,3061,2325,2226,7612,447,301,622,1370,8982,2014,may
Arapahoe,107646,102012,114620,324278,17922,11524,22296,51742,376020,2014,may
Archuleta,1759,3754,2199,7712,429,719,742,1890,9602,2014,may
Baca,710,1207,587,2504,57,107,116,280,2784,2014,may
Bent,815,835,597,2247,119,101,178,398,2645,2014,may
Boulder,78928,36148,71283,186359,20871,9968,30306,61145,247504,2014,may
Broomfield,10396,11641,13629,35666,1736,1687,2812,6235,41901,2014,may
Chaffee,3053,4470,4036,11559,337,440,724,1501,13060,2014,may
Cheyenne,166,847,276,1289,17,50,47,114,1403,2014,may
Clear Creek,1999,1962,2533,6494,274,255,493,1022,7516,2014,may
Conejos,2434,1719,668,4821,347,215,180,742,5563,2014,may
Costilla,1594,322,384,2300,151,67,133,351,2651,2014,may
Crowley,451,909,394,1754,60,75,91,226,1980,2014,may
Custer,424,1972,674,3070,59,164,145,368,3438,2014,may
Delta,3233,8306,5506,17045,697,1446,1538,3681,20726,2014,may
Denver,168562,54788,120208,343558,44278,19384,52375,116037,459595,2014,may
Dolores,382,631,414,1427,43,52,113,208,1635,2014,may
Douglas,37433,88874,60707,187014,6840,14108,13358,34306,221320,2014,may
Eagle,7304,7220,11332,25856,1572,1435,3625,6632,32488,2014,may
El Paso,70630,145147,115936,331713,18719,25536,35912,80167,411880,2014,may
Elbert,2169,8770,5125,16064,328,1116,895,2339,18403,2014,may
Fremont,5206,10884,8156,24246,713,1246,1708,3667,27913,2014,may
Garfield,6762,9309,11727,27798,857,1280,2654,4791,32589,2014,may
Gilpin,1175,1044,1589,3808,123,108,239,470,4278,2014,may
Grand,2058,4147,3275,9480,356,474,859,1689,11169,2014,may
Gunnison,2768,2564,4035,9367,549,497,1424,2470,11837,2014,may
Hinsdale,104,408,144,656,6,53,21,80,736,2014,may
Huerfano,1973,1017,976,3966,347,262,358,967,4933,2014,may
Jackson,119,728,142,989,14,78,46,138,1127,2014,may
Jefferson,104548,112875,128596,346019,20047,19600,29988,69635,415654,2014,may
Kiowa,176,531,221,928,13,41,39,93,1021,2014,may
Kit Carson,637,2408,1183,4228,126,329,369,824,5052,2014,may
La Plata,10203,10406,11650,32259,2669,2486,4313,9468,41727,2014,may
Lake,1616,705,1096,3417,453,227,708,1388,4805,2014,may
Larimer,52900,66902,77521,197323,7493,7246,16478,31217,228540,2014,may
Las Animas,4105,1894,1823,7822,807,686,710,2203,10025,2014,may
Lincoln,431,1537,641,2609,64,142,161,367,2976,2014,may
Logan,1928,5396,3187,10511,337,601,854,1792,12303,2014,may
Mesa,16016,36447,28650,81113,5134,9689,12021,26844,107957,2014,may
Mineral,321,254,149,724,29,30,23,82,806,2014,may
Moffat,881,3891,2125,6897,392,967,1123,2482,9379,2014,may
Montezuma,3354,7139,4714,15207,672,994,1242,2908,18115,2014,may
Montrose,4203,10660,7558,22421,508,1154,1652,3314,25735,2014,may
Morgan,2880,5680,4439,12999,411,498,919,1828,14827,2014,may
Otero,3392,3662,2888,9942,344,288,472,1104,11046,2014,may
Ouray,938,1321,1192,3451,162,269,320,751,4202,2014,may
Park,2231,4487,4016,10734,400,734,923,2057,12791,2014,may
Phillips,462,1485,674,2621,114,269,221,604,3225,2014,may
Pitkin,4377,2220,5732,12329,852,587,1405,2844,15173,2014,may
Prowers,1357,2705,1773,5835,153,255,389,797,6632,2014,may
Pueblo,40383,22494,26478,89355,5735,3476,7109,16320,105675,2014,may
Rio Blanco,349,2557,796,3702,58,286,276,620,4322,2014,may
Rio Grande,2067,2743,1669,6479,330,400,416,1146,7625,2014,may
Routt,4399,4524,6156,15079,836,773,1559,3168,18247,2014,may
Saguache,1640,751,1093,3484,276,147,308,731,4215,2014,may
San Juan,171,149,288,608,24,17,51,92,700,2014,may
San Miguel,2076,839,1837,4752,546,249,806,1601,6353,2014,may
Sedgwick,271,874,370,1515,13,70,65,148,1663,2014,may
Summit,5132,4327,8173,17632,1462,1259,3576,6297,23929,2014,may
Teller,2550,7399,5066,15015,347,917,848,2112,17127,2014,may
Washington,289,2059,523,2871,56,184,139,379,3250,2014,may
Weld,32802,52856,51080,136738,5808,6411,12181,24400,161138,2014,may
Yuma,854,2948,1531,5333,120,289,325,734,6067,2014,may
Adams,74042,52255,75528,201825,17807,12044,23599,53450,255275,2013,nov
Alamosa,3039,2291,2160,7490,598,408,729,1735,9225,2013,nov
Arapahoe,105260,99936,108269,313465,22365,15636,26507,64508,377973,2013,nov
Archuleta,1737,3559,2191,7487,578,1157,885,2620,10107,2013,nov
Baca,699,1177,544,2420,95,157,155,407,2827,2013,nov
Bent,808,788,609,2205,195,147,247,589,2794,2013,nov
Boulder,76815,35394,68154,180363,22659,10728,32172,65559,245922,2013,nov
Broomfield,10044,11336,12995,34375,2250,2199,3609,8058,42433,2013,nov
Chaffee,3021,4310,3916,11247,467,593,928,1988,13235,2013,nov
Cheyenne,163,812,288,1263,25,70,55,150,1413,2013,nov
Clear Creek,1942,1882,2456,6280,433,442,728,1603,7883,2013,nov
Conejos,2433,1695,646,4774,363,232,182,777,5551,2013,nov
Costilla,1573,305,366,2244,235,104,171,510,2754,2013,nov
Crowley,444,877,377,1698,87,112,128,327,2025,2013,nov
Custer,470,1701,734,2905,68,221,163,452,3357,2013,nov
Delta,3286,8407,5542,17235,770,1516,1568,3854,21089,2013,nov
Denver,164893,53035,114320,332248,47081,20606,54520,122207,454455,2013,nov
Dolores,388,624,414,1426,57,81,127,265,1691,2013,nov
Douglas,35726,84663,59388,179777,7487,15658,14553,37698,217475,2013,nov
Eagle,7133,7006,10995,25134,1784,1669,3985,7438,32572,2013,nov
El Paso,68258,140058,110499,318815,22512,31771,41286,95569,414384,2013,nov
Elbert,2121,8509,4888,15518,372,1282,999,2653,18171,2013,nov
Fremont,5113,10497,7963,23573,857,1540,1916,4313,27886,2013,nov
Garfield,6586,9024,11243,26853,1123,1653,3132,5908,32761,2013,nov
Gilpin,1179,993,1514,3686,365,301,651,1317,5003,2013,nov
Grand,2096,3915,3187,9198,640,901,1319,2860,12058,2013,nov
Gunnison,2691,2493,3856,9040,605,555,1535,2695,11735,2013,nov
Hinsdale,103,390,135,628,9,59,23,91,719,2013,nov
Huerfano,1934,969,1006,3909,376,279,355,1010,4919,2013,nov
Jackson,122,687,163,972,16,88,33,137,1109,2013,nov
Jefferson,103057,110853,123894,337804,21946,21628,32247,75821,413625,2013,nov
Kiowa,184,510,224,918,13,49,39,101,1019,2013,nov
Kit Carson,635,2353,1126,4114,140,364,403,907,5021,2013,nov
La Plata,9776,10002,11293,31071,2987,2771,4749,10507,41578,2013,nov
Lake,1608,667,1133,3408,560,302,734,1596,5004,2013,nov
Larimer,51302,64630,75088,191020,9337,9086,18969,37392,228412,2013,nov
Las Animas,4083,1844,1798,7725,880,744,755,2379,10104,2013,nov
Lincoln,421,1496,642,2559,100,203,211,514,3073,2013,nov
Logan,1931,5302,3115,10348,390,676,934,2000,12348,2013,nov
Mesa,15733,35465,27425,78623,5553,10548,12830,28931,107554,2013,nov
Mineral,326,249,140,715,64,60,33,157,872,2013,nov
Moffat,878,3833,2067,6778,428,1067,1191,2686,9464,2013,nov
Montezuma,3327,6879,4588,14794,1271,1766,1847,4884,19678,2013,nov
Montrose,4122,10272,7489,21883,624,1438,1888,3950,25833,2013,nov
Morgan,2840,5533,4331,12704,606,901,1200,2707,15411,2013,nov
Otero,3339,3532,2767,9638,605,566,726,1897,11535,2013,nov
Ouray,924,1304,1163,3391,186,311,355,852,4243,2013,nov
Park,2195,4252,3959,10406,540,999,1275,2814,13220,2013,nov
Phillips,445,1458,626,2529,129,294,241,664,3193,2013,nov
Pitkin,4330,2181,5570,12081,842,590,1379,2811,14892,2013,nov
Prowers,1369,2523,1770,5662,243,441,553,1237,6899,2013,nov
Pueblo,40015,21848,26084,87947,8414,4955,9388,22757,110704,2013,nov
Rio Blanco,361,2470,798,3629,71,370,329,770,4399,2013,nov
Rio Grande,2013,2689,1609,6311,417,515,488,1420,7731,2013,nov
Routt,4271,4364,5916,14551,1034,999,1886,3919,18470,2013,nov
Saguache,1596,711,1067,3374,331,172,341,844,4218,2013,nov
San Juan,158,134,273,565,27,17,56,100,665,2013,nov
San Miguel,2077,832,1805,4714,633,298,899,1830,6544,2013,nov
Sedgwick,269,851,366,1486,19,86,69,174,1660,2013,nov
Summit,4884,4139,7997,17020,2249,1913,4842,9004,26024,2013,nov
Teller,2490,7119,4910,14519,496,1272,1184,2952,17471,2013,nov
Washington,299,1967,551,2817,73,247,170,490,3307,2013,nov
Weld,32025,50431,49659,132115,7694,9487,15117,32298,164413,2013,nov
Yuma,854,2774,1539,5167,198,532,481,1211,6378,2013,nov
Adams,74967,54267,83237,212471,17679,11737,20113,49529,262000,2014,oct
Alamosa,2983,2280,2322,7585,527,340,586,1453,9038,2014,oct
Arapahoe,107263,102187,122100,331550,21795,14258,21361,57414,388964,2014,oct
Archuleta,1799,3915,2239,7953,436,706,741,1883,9836,2014,oct
Baca,694,1204,629,2527,59,112,109,280,2807,2014,oct
Bent,794,857,630,2281,156,111,184,451,2732,2014,oct
Boulder,79761,35984,76194,191939,21498,10332,29260,61090,253029,2014,oct
Broomfield,10612,11850,14606,37068,2011,1903,2933,6847,43915,2014,oct
Chaffee,3044,4469,4206,11719,435,557,813,1805,13524,2014,oct
Cheyenne,158,866,287,1311,19,54,47,120,1431,2014,oct
Clear Creek,1999,1980,2642,6621,311,307,500,1118,7739,2014,oct
Conejos,2388,1739,706,4833,374,221,170,765,5598,2014,oct
Costilla,1618,322,409,2349,174,79,158,411,2760,2014,oct
Crowley,443,927,423,1793,85,80,96,261,2054,2014,oct
Custer,447,1978,712,3137,61,178,137,376,3513,2014,oct
Delta,3268,8507,5914,17689,658,1361,1413,3432,21121,2014,oct
Denver,171493,55845,134145,361483,45900,19838,49108,114846,476329,2014,oct
Dolores,371,621,410,1402,48,65,116,229,1631,2014,oct
Douglas,37912,90872,62619,191403,7437,15355,13057,35849,227252,2014,oct
Eagle,7417,7332,11896,26645,1681,1517,3487,6685,33330,2014,oct
El Paso,71536,148173,125054,344763,19884,26543,35702,82129,426892,2014,oct
Elbert,2154,8988,5278,16420,360,1197,844,2401,18821,2014,oct
Fremont,5116,10969,8613,24698,793,1363,1598,3754,28452,2014,oct
Garfield,6709,9225,12429,28363,1059,1588,2515,5162,33525,2014,oct
Gilpin,1214,1129,1724,4067,160,131,303,594,4661,2014,oct
Grand,2024,4104,3433,9561,453,600,977,2030,11591,2014,oct
Gunnison,2820,2573,4450,9843,618,577,1292,2487,12330,2014,oct
Hinsdale,106,417,149,672,6,47,16,69,741,2014,oct
Huerfano,2022,1085,1041,4148,317,225,338,880,5028,2014,oct
Jackson,114,694,166,974,21,114,44,179,1153,2014,oct
Jefferson,104596,113295,136055,353946,21500,20611,28509,70620,424566,2014,oct
Kiowa,169,550,234,953,16,39,37,92,1045,2014,oct
Kit Carson,622,2456,1179,4257,141,350,350,841,5098,2014,oct
La Plata,10280,10485,12334,33099,2870,2719,4099,9688,42787,2014,oct
Lake,1679,749,1196,3624,471,238,719,1428,5052,2014,oct
Larimer,53772,67904,82925,204601,8192,8100,15311,31603,236204,2014,oct
Las Animas,4097,1958,1931,7986,821,670,680,2171,10157,2014,oct
Lincoln,415,1533,682,2630,84,168,182,434,3064,2014,oct
Logan,1896,5406,3414,10716,332,630,777,1739,12455,2014,oct
Mesa,15959,36534,29662,82155,5281,10096,11602,26979,109134,2014,oct
Mineral,313,264,152,729,33,25,20,78,807,2014,oct
Moffat,856,3910,2198,6964,411,1004,1096,2511,9475,2014,oct
Montezuma,3256,6983,4813,15052,886,1357,1373,3616,18668,2014,oct
Montrose,4178,10879,7881,22938,572,1250,1570,3392,26330,2014,oct
Morgan,2826,5680,4630,13136,473,613,901,1987,15123,2014,oct
Otero,3370,3669,3036,10075,382,324,460,1166,11241,2014,oct
Ouray,953,1311,1260,3524,167,290,304,761,4285,2014,oct
Park,2214,4630,4157,11001,431,748,882,2061,13062,2014,oct
Phillips,466,1526,700,2692,105,255,218,578,3270,2014,oct
Pitkin,4142,2098,5541,11781,1230,795,1751,3776,15557,2014,oct
Prowers,1335,2759,1824,5918,215,359,399,973,6891,2014,oct
Pueblo,40238,22936,28598,91772,6539,3753,7254,17546,109318,2014,oct
Rio Blanco,343,2569,806,3718,73,343,298,714,4432,2014,oct
Rio Grande,2054,2723,1709,6486,387,449,404,1240,7726,2014,oct
Routt,4380,4521,6440,15341,914,860,1512,3286,18627,2014,oct
Saguache,1632,784,1141,3557,299,140,299,738,4295,2014,oct
San Juan,167,141,299,607,33,24,49,106,713,2014,oct
San Miguel,2073,838,1954,4865,598,283,795,1676,6541,2014,oct
Sedgwick,270,876,380,1526,16,75,67,158,1684,2014,oct
Summit,5088,4254,8479,17821,2061,1690,4320,8071,25892,2014,oct
Teller,2567,7486,5378,15431,398,1027,867,2292,17723,2014,oct
Washington,277,2097,516,2890,58,192,140,390,3280,2014,oct
Weld,32685,53933,55295,141913,6473,7299,11312,25084,166997,2014,oct
Yuma,832,2986,1572,5390,138,349,330,817,6207,2014,oct
Adams,73436,53076,81053,207565,18650,12469,20784,51903,259468,2014,sept
Alamosa,2957,2256,2288,7501,556,360,607,1523,9024,2014,sept
Arapahoe,104721,100392,118414,323527,23388,15373,22144,60905,384432,2014,sept
Archuleta,1781,3886,2193,7860,444,721,755,1920,9780,2014,sept
Baca,698,1191,608,2497,59,117,111,287,2784,2014,sept
Bent,780,843,605,2228,162,118,187,467,2695,2014,sept
Boulder,77998,35435,73969,187402,22849,10803,30403,64055,251457,2014,sept
Broomfield,10368,11588,14191,36147,2161,2064,3063,7288,43435,2014,sept
Chaffee,2995,4405,4091,11491,482,600,845,1927,13418,2014,sept
Cheyenne,160,861,283,1304,19,55,47,121,1425,2014,sept
Clear Creek,1975,1962,2583,6520,333,321,526,1180,7700,2014,sept
Conejos,2382,1712,687,4781,387,235,177,799,5580,2014,sept
Costilla,1615,313,397,2325,176,81,161,418,2743,2014,sept
Crowley,441,902,416,1759,86,99,99,284,2043,2014,sept
Custer,444,1970,691,3105,65,187,142,394,3499,2014,sept
Delta,3229,8401,5717,17347,690,1442,1466,3598,20945,2014,sept
Denver,166913,54396,128078,349387,48858,20899,51134,120891,470278,2014,sept
Dolores,372,624,411,1407,49,66,116,231,1638,2014,sept
Douglas,37333,89366,61240,187939,7791,15996,13382,37169,225108,2014,sept
Eagle,7273,7194,11534,26001,1769,1584,3613,6966,32967,2014,sept
El Paso,69918,145274,120102,335294,20788,28091,37052,85931,421225,2014,sept
Elbert,2131,8793,5168,16092,373,1273,868,2514,18606,2014,sept
Fremont,5074,10840,8377,24291,834,1447,1662,3943,28234,2014,sept
Garfield,6552,9042,12159,27753,1167,1707,2595,5469,33222,2014,sept
Gilpin,1196,1111,1655,3962,132,114,255,501,4463,2014,sept
Grand,2013,4067,3353,9433,426,554,887,1867,11300,2014,sept
Gunnison,2736,2500,4323,9559,684,628,1354,2666,12225,2014,sept
Hinsdale,105,414,149,668,6,50,17,73,741,2014,sept
Huerfano,1996,1048,1008,4052,329,250,350,929,4981,2014,sept
Jackson,115,692,157,964,22,116,45,183,1147,2014,sept
Jefferson,102795,111903,132542,347240,22509,21508,29479,73496,420736,2014,sept
Kiowa,169,540,226,935,17,42,38,97,1032,2014,sept
Kit Carson,618,2436,1170,4224,145,361,355,861,5085,2014,sept
La Plata,10060,10301,12066,32427,3044,2840,4259,10143,42570,2014,sept
Lake,1649,723,1100,3472,488,248,756,1492,4964,2014,sept
Larimer,52420,66544,80310,199274,8960,8711,16150,33821,233095,2014,sept
Las Animas,4068,1898,1870,7836,837,696,697,2230,10066,2014,sept
Lincoln,413,1516,655,2584,89,180,188,457,3041,2014,sept
Logan,1889,5349,3374,10612,355,674,795,1824,12436,2014,sept
Mesa,15746,35969,29130,80845,5450,10501,11840,27791,108636,2014,sept
Mineral,306,251,149,706,44,36,21,101,807,2014,sept
Moffat,840,3860,2145,6845,425,1039,1107,2571,9416,2014,sept
Montezuma,3222,6934,4776,14932,904,1377,1355,3636,18568,2014,sept
Montrose,4120,10679,7690,22489,596,1331,1620,3547,26036,2014,sept
Morgan,2799,5588,4551,12938,503,676,933,2112,15050,2014,sept
Otero,3343,3633,2952,9928,403,351,481,1235,11163,2014,sept
Ouray,941,1305,1227,3473,175,299,312,786,4259,2014,sept
Park,2190,4547,4073,10810,456,797,925,2178,12988,2014,sept
Phillips,465,1510,688,2663,106,258,221,585,3248,2014,sept
Pitkin,4093,2061,5787,11941,1240,798,1402,3440,15381,2014,sept
Prowers,1322,2700,1772,5794,226,397,410,1033,6827,2014,sept
Pueblo,39869,22642,27876,90387,6863,3941,7470,18274,108661,2014,sept
Rio Blanco,340,2541,786,3667,75,359,304,738,4405,2014,sept
Rio Grande,2041,2694,1678,6413,401,468,415,1284,7697,2014,sept
Routt,4303,4461,6322,15086,988,912,1548,3448,18534,2014,sept
Saguache,1615,774,1093,3482,311,153,307,771,4253,2014,sept
San Juan,165,139,290,594,34,26,51,111,705,2014,sept
San Miguel,2032,829,1899,4760,631,288,811,1730,6490,2014,sept
Sedgwick,266,870,370,1506,19,82,70,171,1677,2014,sept
Summit,4959,4194,8292,17445,2155,1769,4404,8328,25773,2014,sept
Teller,2520,7296,5166,14982,431,1126,912,2469,17451,2014,sept
Washington,275,2079,512,2866,60,199,142,401,3267,2014,sept
Weld,31947,52763,52798,137508,6943,7829,11772,26544,164052,2014,sept
Yuma,825,2946,1549,5320,145,360,332,837,6157,2014,sept
Adams,69826,50170,64019,184015,21840,13924,32933,68697,252712,2013,apr
Alamosa,2934,2235,1872,7041,708,472,934,2114,9155,2013,apr
Arapahoe,104276,99016,95568,298860,22692,16325,35095,74112,372972,2013,apr
Archuleta,1656,3519,1927,7102,721,1325,1133,3179,10281,2013,apr
Baca,675,1117,437,2229,141,224,216,581,2810,2013,apr
Bent,760,779,488,2027,254,172,346,772,2799,2013,apr
Boulder,80368,36480,68201,185049,18531,9821,29284,57636,242685,2013,apr
Broomfield,10235,11452,12329,34016,1877,1906,3740,7523,41539,2013,apr
Chaffee,3015,4259,3564,10838,486,661,1161,2308,13146,2013,apr
Cheyenne,152,766,231,1149,45,115,104,264,1413,2013,apr
Clear Creek,1931,1858,2166,5955,442,473,939,1854,7809,2013,apr
Conejos,2187,1603,475,4265,602,325,314,1241,5506,2013,apr
Costilla,1401,273,287,1961,405,129,225,759,2720,2013,apr
Crowley,410,856,301,1567,122,132,187,441,2008,2013,apr
Custer,458,1712,660,2830,75,215,190,480,3310,2013,apr
Delta,3231,8374,4879,16484,857,1581,1960,4398,20882,2013,apr
Denver,163364,53101,106077,322542,49027,21103,59689,129819,452361,2013,apr
Dolores,375,581,347,1303,74,121,179,374,1677,2013,apr
Douglas,35349,84194,54165,173708,7483,15290,17425,40198,213906,2013,apr
Eagle,6957,6855,9952,23764,1967,1835,4762,8564,32328,2013,apr
El Paso,67911,140860,97826,306597,22212,29979,48665,100856,407453,2013,apr
Elbert,2047,8343,4290,14680,458,1350,1460,3268,17948,2013,apr
Fremont,4777,10100,6452,21329,1237,1953,3051,6241,27570,2013,apr
Garfield,6492,9053,9948,25493,1203,1584,3967,6754,32247,2013,apr
Gilpin,1169,960,1404,3533,375,324,711,1410,4943,2013,apr
Grand,2012,3835,2723,8570,761,1071,1711,3543,12113,2013,apr
Gunnison,2769,2516,3822,9107,515,538,1491,2544,11651,2013,apr
Hinsdale,94,399,139,632,15,48,17,80,712,2013,apr
Huerfano,1898,1003,910,3811,436,260,411,1107,4918,2013,apr
Jackson,113,648,109,870,27,130,71,228,1098,2013,apr
Jefferson,101315,109260,112436,323011,23536,23794,40403,87733,410744,2013,apr
Kiowa,172,491,189,852,26,72,66,164,1016,2013,apr
Kit Carson,618,2288,956,3862,179,451,538,1168,5030,2013,apr
La Plata,9801,9958,10577,30336,2839,2748,5060,10647,40983,2013,apr
Lake,1557,663,959,3179,609,297,876,1782,4961,2013,apr
Larimer,52197,64427,70655,187279,8243,9266,20817,38326,225605,2013,apr
Las Animas,3796,1872,1450,7118,1193,703,1012,2908,10026,2013,apr
Lincoln,402,1414,552,2368,122,259,272,653,3021,2013,apr
Logan,1855,5104,2585,9544,477,884,1374,2735,12279,2013,apr
Mesa,15252,34909,23935,74096,6124,11205,15601,32930,107026,2013,apr
Mineral,315,255,110,680,69,52,35,156,836,2013,apr
Moffat,836,3809,1766,6411,491,1106,1440,3037,9448,2013,apr
Montezuma,3023,6516,3552,13091,1547,2113,2686,6346,19437,2013,apr
Montrose,4007,10271,6681,20959,775,1485,2526,4786,25745,2013,apr
Morgan,2630,5276,3450,11356,821,1156,1940,3917,15273,2013,apr
Otero,3035,3429,2151,8615,951,687,1224,2862,11477,2013,apr
Ouray,933,1321,1067,3321,170,289,389,848,4169,2013,apr
Park,2148,4219,3563,9930,605,1005,1514,3124,13054,2013,apr
Phillips,412,1372,556,2340,156,352,305,813,3153,2013,apr
Pitkin,3922,1952,4581,10455,1236,834,2225,4295,14750,2013,apr
Prowers,1252,2411,1434,5097,382,544,833,1759,6856,2013,apr
Pueblo,38076,21016,21461,80553,10655,5540,13024,29219,109772,2013,apr
Rio Blanco,355,2452,672,3479,92,402,434,928,4407,2013,apr
Rio Grande,1909,2626,1297,5832,530,587,757,1874,7706,2013,apr
Routt,4215,4257,5409,13881,1078,1068,2232,4378,18259,2013,apr
Saguache,1526,670,888,3084,404,217,497,1118,4202,2013,apr
San Juan,155,118,259,532,31,28,72,131,663,2013,apr
San Miguel,2013,805,1620,4438,677,326,1028,2031,6469,2013,apr
Sedgwick,248,841,323,1412,36,87,97,220,1632,2013,apr
Summit,4830,4036,7369,16235,2185,1952,5236,9373,25608,2013,apr
Teller,2458,7160,4340,13958,539,1181,1538,3258,17216,2013,apr
Washington,290,1923,469,2682,86,315,226,627,3309,2013,apr
Weld,30717,49067,42312,122096,9061,10679,20884,40624,162720,2013,apr
Yuma,814,2688,1314,4816,246,617,669,1532,6348,2013,apr
Adams,79400,55691,80989,216080,12330,8581,17128,38039,254119,2013,aug
Alamosa,3256,2449,2441,8146,366,246,421,1033,9179,2013,aug
Arapahoe,116376,108009,122050,346435,10919,7672,11048,29639,376074,2013,aug
Archuleta,1855,3821,2348,8024,490,946,735,2171,10195,2013,aug
Baca,746,1238,591,2575,56,98,96,250,2825,2013,aug
Bent,870,831,653,2354,142,106,184,432,2786,2013,aug
Boulder,83665,38324,76191,198180,15589,7973,22661,46223,244403,2013,aug
Broomfield,11033,12219,14402,37654,1185,1255,1936,4376,42030,2013,aug
Chaffee,3154,4518,4185,11857,331,398,607,1336,13193,2013,aug
Cheyenne,169,824,290,1283,22,55,48,125,1408,2013,aug
Clear Creek,2106,2049,2640,6795,268,283,490,1041,7836,2013,aug
Conejos,2533,1773,705,5011,249,148,104,501,5512,2013,aug
Costilla,1657,331,430,2418,153,75,107,335,2753,2013,aug
Crowley,477,920,415,1812,58,70,88,216,2028,2013,aug
Custer,490,1786,783,3059,43,126,93,262,3321,2013,aug
Delta,3501,8900,5891,18292,577,1042,1104,2723,21015,2013,aug
Denver,177754,57544,125323,360621,35516,16970,43385,95871,456492,2013,aug
Dolores,400,644,420,1464,47,62,116,225,1689,2013,aug
Douglas,37668,88583,62388,188639,5464,11573,10489,27526,216165,2013,aug
Eagle,7803,7544,12213,27560,1151,1174,2683,5008,32568,2013,aug
El Paso,78080,154809,127618,360507,12537,16834,22153,51524,412031,2013,aug
Elbert,2282,9044,5233,16559,217,691,583,1491,18050,2013,aug
Fremont,5366,11041,8393,24800,613,997,1333,2943,27743,2013,aug
Garfield,7047,9676,12136,28859,621,976,1999,3596,32455,2013,aug
Gilpin,1294,1096,1710,4100,246,198,417,861,4961,2013,aug
Grand,2259,4162,3463,9884,511,751,1041,2303,12187,2013,aug
Gunnison,2971,2745,4490,10206,325,315,887,1527,11733,2013,aug
Hinsdale,106,421,152,679,4,28,4,36,715,2013,aug
Huerfano,2073,1071,1136,4280,243,180,205,628,4908,2013,aug
Jackson,139,771,188,1098,0,3,0,3,1101,2013,aug
Jefferson,108862,116156,131284,356302,16102,16802,23321,56225,412527,2013,aug
Kiowa,189,529,230,948,9,32,31,72,1020,2013,aug
Kit Carson,682,2452,1215,4349,112,279,301,692,5041,2013,aug
La Plata,10872,10965,12922,34759,1849,1784,2981,6614,41373,2013,aug
Lake,2075,909,1750,4734,94,55,100,249,4983,2013,aug
Larimer,55253,68410,82157,205820,5247,5213,10748,21208,227028,2013,aug
Las Animas,4302,2039,1957,8298,662,538,549,1749,10047,2013,aug
Lincoln,439,1515,690,2644,77,151,145,373,3017,2013,aug
Logan,2042,5518,3292,10852,274,469,715,1458,12310,2013,aug
Mesa,16635,37352,29197,83184,4714,8785,10772,24271,107455,2013,aug
Mineral,342,274,145,761,43,33,6,82,843,2013,aug
Moffat,973,4100,2339,7412,340,792,876,2008,9420,2013,aug
Montezuma,3599,7341,5013,15953,990,1307,1341,3638,19591,2013,aug
Montrose,4362,10799,8051,23212,415,962,1290,2667,25879,2013,aug
Morgan,3026,5768,4592,13386,426,659,879,1964,15350,2013,aug
Otero,3578,3744,2986,10308,392,371,461,1224,11532,2013,aug
Ouray,981,1384,1236,3601,122,224,254,600,4201,2013,aug
Park,2371,4561,4257,11189,380,703,922,2005,13194,2013,aug
Phillips,472,1523,692,2687,99,208,167,474,3161,2013,aug
Pitkin,4318,2182,5494,11994,845,599,1389,2833,14827,2013,aug
Prowers,1481,2706,1968,6155,143,256,326,725,6880,2013,aug
Pueblo,42363,22917,28049,93329,6207,3872,7166,17245,110574,2013,aug
Rio Blanco,405,2653,917,3975,42,200,206,448,4423,2013,aug
Rio Grande,2120,2807,1688,6615,315,401,384,1100,7715,2013,aug
Routt,4608,4675,6488,15771,689,667,1226,2582,18353,2013,aug
Saguache,1702,754,1163,3619,225,122,227,574,4193,2013,aug
San Juan,167,135,298,600,18,11,30,59,659,2013,aug
San Miguel,2200,896,1985,5081,491,236,695,1422,6503,2013,aug
Sedgwick,280,906,395,1581,5,30,31,66,1647,2013,aug
Summit,5443,4600,9120,19163,1643,1435,3643,6721,25884,2013,aug
Teller,2767,7739,5411,15917,232,617,566,1415,17332,2013,aug
Washington,320,2033,579,2932,58,188,138,384,3316,2013,aug
Weld,34008,52615,52571,139194,5694,7137,11454,24285,163479,2013,aug
Yuma,899,2901,1627,5427,155,407,382,944,6371,2013,aug
Adams,69298,49697,62542,181537,24677,16092,37590,78359,259896,2012,dec
Alamosa,2918,2215,1817,6950,1028,761,1386,3175,10125,2012,dec
Arapahoe,102264,97848,91094,291206,29628,20922,43341,93891,385097,2012,dec
Archuleta,1620,3462,1847,6929,742,1386,1170,3298,10227,2012,dec
Baca,662,1101,382,2145,189,311,309,809,2954,2012,dec
Bent,759,783,472,2014,264,182,354,800,2814,2012,dec
Boulder,79915,36233,66604,182752,22110,11285,33388,66783,249535,2012,dec
Broomfield,10144,11340,12039,33523,2404,2430,4505,9339,42862,2012,dec
Chaffee,2995,4224,3488,10707,613,838,1458,2909,13616,2012,dec
Cheyenne,147,757,217,1121,54,156,124,334,1455,2012,dec
Clear Creek,1912,1831,2065,5808,538,554,1070,2162,7970,2012,dec
Conejos,2182,1596,454,4232,638,358,343,1339,5571,2012,dec
Costilla,1386,266,253,1905,440,142,235,817,2722,2012,dec
Crowley,401,848,290,1539,176,224,280,680,2219,2012,dec
Custer,452,1709,618,2779,127,332,267,726,3505,2012,dec
Delta,3203,8361,4727,16291,922,1699,2075,4696,20987,2012,dec
Denver,161374,52287,102454,316115,67267,26917,74423,168607,484722,2012,dec
Dolores,374,569,324,1267,82,132,188,402,1669,2012,dec
Douglas,34838,83142,51915,169895,8386,17065,18729,44180,214075,2012,dec
Eagle,6913,6800,9743,23456,2467,2288,5453,10208,33664,2012,dec
El Paso,66772,139086,93903,299761,27523,36494,59660,123677,423438,2012,dec
Elbert,2033,8258,4145,14436,641,1911,1903,4455,18891,2012,dec
Fremont,4757,10077,6116,20950,2444,3916,5126,11486,32436,2012,dec
Garfield,6447,8989,9629,25065,2096,2653,5712,10461,35526,2012,dec
Gilpin,1144,932,1331,3407,437,377,861,1675,5082,2012,dec
Grand,1979,3801,2612,8392,805,1149,1810,3764,12156,2012,dec
Gunnison,2752,2483,3679,8914,1057,1049,2470,4576,13490,2012,dec
Hinsdale,95,397,133,625,20,69,29,118,743,2012,dec
Huerfano,1899,992,881,3772,522,305,462,1289,5061,2012,dec
Jackson,115,647,99,861,50,227,112,389,1250,2012,dec
Jefferson,100276,108501,109008,317785,26112,26505,45364,97981,415766,2012,dec
Kiowa,172,490,185,847,37,99,91,227,1074,2012,dec
Kit Carson,621,2275,923,3819,188,484,553,1225,5044,2012,dec
La Plata,9842,9855,10362,30059,3077,3042,5554,11673,41732,2012,dec
Lake,1558,651,899,3108,626,308,895,1829,4937,2012,dec
Larimer,51796,63795,68453,184044,13210,14799,29672,57681,241725,2012,dec
Las Animas,3780,1863,1422,7065,1375,793,1148,3316,10381,2012,dec
Lincoln,392,1400,529,2321,196,383,376,955,3276,2012,dec
Logan,1857,5071,2494,9422,537,975,1467,2979,12401,2012,dec
Mesa,15484,35395,23731,74610,6142,11086,15671,32899,107509,2012,dec
Mineral,313,254,109,676,70,54,35,159,835,2012,dec
Moffat,833,3799,1698,6330,520,1175,1497,3192,9522,2012,dec
Montezuma,2964,6428,3351,12743,1634,2250,2878,6762,19505,2012,dec
Montrose,3960,10213,6432,20605,1135,2259,3416,6810,27415,2012,dec
Morgan,2584,5216,3331,11131,865,1224,2014,4103,15234,2012,dec
Otero,3023,3407,2046,8476,1330,994,1719,4043,12519,2012,dec
Ouray,923,1313,1046,3282,195,330,430,955,4237,2012,dec
Park,2111,4166,3417,9694,682,1103,1631,3416,13110,2012,dec
Phillips,406,1366,525,2297,165,361,323,849,3146,2012,dec
Pitkin,3880,1918,4405,10203,1358,887,2454,4699,14902,2012,dec
Prowers,1220,2395,1386,5001,529,791,1049,2369,7370,2012,dec
Pueblo,37787,20764,20513,79064,12998,6975,15991,35964,115028,2012,dec
Rio Blanco,356,2438,645,3439,142,566,609,1317,4756,2012,dec
Rio Grande,1877,2610,1241,5728,641,712,894,2247,7975,2012,dec
Routt,4175,4201,5271,13647,1372,1356,2648,5376,19023,2012,dec
Saguache,1524,671,837,3032,482,257,551,1290,4322,2012,dec
San Juan,154,115,259,528,32,30,74,136,664,2012,dec
San Miguel,2015,800,1583,4398,716,341,1103,2160,6558,2012,dec
Sedgwick,243,832,302,1377,52,132,125,309,1686,2012,dec
Summit,4714,3946,7045,15705,2273,2074,5474,9821,25526,2012,dec
Teller,2427,7095,4176,13698,1153,2438,2718,6309,20007,2012,dec
Washington,285,1911,448,2644,92,336,237,665,3309,2012,dec
Weld,29922,48170,41430,119522,9740,11748,22603,44091,163613,2012,dec
Yuma,806,2660,1277,4743,255,634,695,1584,6327,2012,dec
Adams,69509,49908,63189,182606,22120,14124,33339,69583,252189,2013,feb
Alamosa,2925,2230,1851,7006,712,477,942,2131,9137,2013,feb
Arapahoe,103941,98772,94287,297000,23105,16671,35721,75497,372497,2013,feb
Archuleta,1638,3498,1886,7022,728,1344,1146,3218,10240,2013,feb
Baca,667,1110,393,2170,151,239,232,622,2792,2013,feb
Bent,759,777,481,2017,257,176,350,783,2800,2013,feb
Boulder,80252,36396,67544,184192,18778,9972,29622,58372,242564,2013,feb
Broomfield,10200,11407,12179,33786,1910,1940,3783,7633,41419,2013,feb
Chaffee,3012,4245,3512,10769,499,677,1189,2365,13134,2013,feb
Cheyenne,151,765,228,1144,45,118,106,269,1413,2013,feb
Clear Creek,1929,1861,2133,5923,445,487,946,1878,7801,2013,feb
Conejos,2187,1604,464,4255,609,332,318,1259,5514,2013,feb
Costilla,1402,272,273,1947,414,134,228,776,2723,2013,feb
Crowley,407,853,302,1562,125,133,190,448,2010,2013,feb
Custer,458,1708,639,2805,75,221,191,487,3292,2013,feb
Delta,3226,8363,4814,16403,865,1597,1987,4449,20852,2013,feb
Denver,162747,52826,104625,320198,49688,21333,60360,131381,451579,2013,feb
Dolores,378,579,339,1296,75,124,179,378,1674,2013,feb
Douglas,35269,83989,53617,172875,7491,15338,17456,40285,213160,2013,feb
Eagle,6932,6833,9840,23605,1983,1853,4810,8646,32251,2013,feb
El Paso,67641,140269,96184,304094,22462,30415,49239,102116,406210,2013,feb
Elbert,2044,8330,4221,14595,464,1362,1492,3318,17913,2013,feb
Fremont,4776,10082,6340,21198,1260,1992,3095,6347,27545,2013,feb
Garfield,6480,9045,9786,25311,1233,1605,4016,6854,32165,2013,feb
Gilpin,1155,948,1371,3474,395,335,745,1475,4949,2013,feb
Grand,1999,3814,2676,8489,770,1084,1737,3591,12080,2013,feb
Gunnison,2768,2511,3764,9043,525,547,1507,2579,11622,2013,feb
Hinsdale,94,396,137,627,15,49,17,81,708,2013,feb
Huerfano,1898,1002,901,3801,439,265,413,1117,4918,2013,feb
Jackson,115,646,104,865,27,133,73,233,1098,2013,feb
Jefferson,100992,109075,111111,321178,24002,24254,41112,89368,410546,2013,feb
Kiowa,172,489,187,848,26,74,66,166,1014,2013,feb
Kit Carson,620,2276,933,3829,180,463,544,1187,5016,2013,feb
La Plata,9903,9930,10570,30403,2748,2813,4993,10554,40957,2013,feb
Lake,1554,656,910,3120,623,306,884,1813,4933,2013,feb
Larimer,52143,64286,69860,186289,8347,9446,21098,38891,225180,2013,feb
Las Animas,3802,1875,1445,7122,1199,705,1020,2924,10046,2013,feb
Lincoln,401,1409,550,2360,125,263,275,663,3023,2013,feb
Logan,1857,5085,2545,9487,489,902,1399,2790,12277,2013,feb
Mesa,15579,35579,24202,75360,5836,10589,15104,31529,106889,2013,feb
Mineral,315,256,110,681,69,52,35,156,837,2013,feb
Moffat,835,3802,1747,6384,494,1125,1451,3070,9454,2013,feb
Montezuma,2997,6463,3460,12920,1565,2158,2730,6453,19373,2013,feb
Montrose,4000,10252,6609,20861,787,1515,2574,4876,25737,2013,feb
Morgan,2616,5262,3409,11287,837,1184,1968,3989,15276,2013,feb
Otero,3025,3410,2094,8529,1303,978,1693,3974,12503,2013,feb
Ouray,931,1316,1063,3310,173,293,391,857,4167,2013,feb
Park,2140,4202,3504,9846,624,1024,1533,3181,13027,2013,feb
Phillips,406,1369,537,2312,160,358,319,837,3149,2013,feb
Pitkin,3907,1935,4520,10362,1247,841,2260,4348,14710,2013,feb
Prowers,1247,2407,1410,5064,389,554,845,1788,6852,2013,feb
Pueblo,37992,20892,20999,79883,10845,5667,13203,29715,109598,2013,feb
Rio Blanco,355,2447,660,3462,94,409,438,941,4403,2013,feb
Rio Grande,1904,2625,1271,5800,539,596,766,1901,7701,2013,feb
Routt,4203,4234,5357,13794,1098,1091,2260,4449,18243,2013,feb
Saguache,1529,670,870,3069,408,219,499,1126,4195,2013,feb
San Juan,155,118,258,531,32,29,73,134,665,2013,feb
San Miguel,2009,807,1607,4423,688,330,1045,2063,6486,2013,feb
Sedgwick,248,837,315,1400,37,88,97,222,1622,2013,feb
Summit,4804,4017,7254,16075,2223,1993,5332,9548,25623,2013,feb
Teller,2445,7131,4264,13840,554,1202,1573,3329,17169,2013,feb
Washington,291,1922,463,2676,86,320,230,636,3312,2013,feb
Weld,30586,48870,41631,121087,9141,10858,21220,41219,162306,2013,feb
Yuma,812,2672,1288,4772,250,622,687,1559,6331,2013,feb
Adams,69346,49736,62678,181760,22471,14390,33836,70697,252457,2013,jan
Alamosa,2919,2228,1840,6987,721,481,949,2151,9138,2013,jan
Arapahoe,103150,98171,92402,293723,28094,19597,41499,89190,382913,2013,jan
Archuleta,1634,3495,1873,7002,730,1345,1149,3224,10226,2013,jan
Baca,666,1109,387,2162,186,304,309,799,2961,2013,jan
Bent,755,778,478,2011,262,181,353,796,2807,2013,jan
Boulder,80050,36263,67111,183424,19036,10139,29964,59139,242563,2013,jan
Broomfield,10192,11391,12143,33726,1915,1949,3802,7666,41392,2013,jan
Chaffee,2990,4225,3493,10708,525,703,1203,2431,13139,2013,jan
Cheyenne,151,762,228,1141,45,121,107,273,1414,2013,jan
Clear Creek,1916,1836,2085,5837,457,496,957,1910,7747,2013,jan
Conejos,2183,1597,458,4238,636,356,338,1330,5568,2013,jan
Costilla,1398,272,270,1940,421,136,230,787,2727,2013,jan
Crowley,401,849,295,1545,130,141,193,464,2009,2013,jan
Custer,456,1710,633,2799,125,324,265,714,3513,2013,jan
Delta,3218,8361,4769,16348,874,1625,2009,4508,20856,2013,jan
Denver,162292,52666,103822,318780,50178,21585,60938,132701,451481,2013,jan
Dolores,375,574,330,1279,80,127,186,393,1672,2013,jan
Douglas,35103,83607,52785,171495,7538,15449,17600,40587,212082,2013,jan
Eagle,6930,6821,9792,23543,1993,1866,4834,8693,32236,2013,jan
El Paso,67235,139545,94754,301534,22874,31285,50251,104410,405944,2013,jan
Elbert,2041,8300,4185,14526,470,1391,1524,3385,17911,2013,jan
Fremont,4779,10086,6247,21112,1264,2014,3143,6421,27533,2013,jan
Garfield,6467,9023,9721,25211,1246,1635,4070,6951,32162,2013,jan
Gilpin,1158,948,1371,3477,396,335,746,1477,4954,2013,jan
Grand,1988,3802,2639,8429,777,1103,1762,3642,12071,2013,jan
Gunnison,2769,2500,3729,8998,532,553,1520,2605,11603,2013,jan
Hinsdale,95,397,134,626,15,49,18,82,708,2013,jan
Huerfano,1897,1000,900,3797,516,302,462,1280,5077,2013,jan
Jackson,115,646,104,865,27,134,73,234,1099,2013,jan
Jefferson,100622,108799,110210,319631,25861,26205,44936,97002,416633,2013,jan
Kiowa,173,489,185,847,37,99,91,227,1074,2013,jan
Kit Carson,620,2274,924,3818,183,475,552,1210,5028,2013,jan
La Plata,9880,9887,10470,30237,2764,2843,5033,10640,40877,2013,jan
Lake,1556,651,899,3106,624,308,889,1821,4927,2013,jan
Larimer,51959,63999,69065,185023,8659,9921,21895,40475,225498,2013,jan
Las Animas,3796,1873,1444,7113,1211,709,1026,2946,10059,2013,jan
Lincoln,400,1407,537,2344,185,373,366,924,3268,2013,jan
Logan,1865,5086,2520,9471,492,913,1409,2814,12285,2013,jan
Mesa,15484,35443,23893,74820,5911,10704,15278,31893,106713,2013,jan
Mineral,313,254,109,676,70,54,35,159,835,2013,jan
Moffat,837,3799,1720,6356,498,1142,1466,3106,9462,2013,jan
Montezuma,2978,6442,3393,12813,1626,2236,2855,6717,19530,2013,jan
Montrose,3985,10227,6546,20758,813,1561,2628,5002,25760,2013,jan
Morgan,2598,5231,3387,11216,858,1210,1990,4058,15274,2013,jan
Otero,3023,3402,2069,8494,1320,987,1714,4021,12515,2013,jan
Ouray,931,1317,1059,3307,173,294,393,860,4167,2013,jan
Park,2121,4182,3447,9750,643,1051,1574,3268,13018,2013,jan
Phillips,407,1369,533,2309,162,357,321,840,3149,2013,jan
Pitkin,3900,1926,4493,10319,1343,883,2428,4654,14973,2013,jan
Prowers,1241,2399,1407,5047,396,567,847,1810,6857,2013,jan
Pueblo,37957,20832,20828,79617,10973,5743,13341,30057,109674,2013,jan
Rio Blanco,354,2446,652,3452,96,413,442,951,4403,2013,jan
Rio Grande,1886,2609,1250,5745,570,625,784,1979,7724,2013,jan
Routt,4192,4214,5310,13716,1123,1128,2309,4560,18276,2013,jan
Saguache,1523,670,859,3052,408,219,501,1128,4180,2013,jan
San Juan,154,115,258,527,32,30,73,135,662,2013,jan
San Miguel,2020,801,1590,4411,690,336,1053,2079,6490,2013,jan
Sedgwick,247,835,308,1390,37,96,102,235,1625,2013,jan
Summit,4781,3990,7191,15962,2254,2040,5409,9703,25665,2013,jan
Teller,2430,7098,4197,13725,564,1236,1617,3417,17142,2013,jan
Washington,291,1922,459,2672,86,321,230,637,3309,2013,jan
Weld,30192,48432,41503,120127,9297,11148,21698,42143,162270,2013,jan
Yuma,809,2664,1282,4755,252,625,690,1567,6322,2013,jan
Adams,79383,55629,80628,215640,12394,8629,17197,38220,253860,2013,july
Alamosa,3259,2452,2405,8116,366,249,425,1040,9156,2013,july
Arapahoe,116153,107839,121271,345263,10965,7719,11068,29752,375015,2013,july
Archuleta,1879,3873,2379,8131,487,940,716,2143,10274,2013,july
Baca,747,1237,583,2567,57,100,97,254,2821,2013,july
Bent,867,832,653,2352,142,108,184,434,2786,2013,july
Boulder,84756,38875,77135,200766,14322,7433,21174,42929,243695,2013,july
Broomfield,11002,12146,14267,37415,1189,1263,1945,4397,41812,2013,july
Chaffee,3189,4549,4202,11940,309,386,587,1282,13222,2013,july
Cheyenne,169,828,288,1285,22,54,48,124,1409,2013,july
Clear Creek,2100,2050,2629,6779,269,283,492,1044,7823,2013,july
Conejos,2536,1771,694,5001,249,148,106,503,5504,2013,july
Costilla,1655,330,427,2412,155,75,107,337,2749,2013,july
Crowley,475,919,407,1801,58,70,88,216,2017,2013,july
Custer,491,1798,779,3068,41,117,86,244,3312,2013,july
Delta,3521,8950,5888,18359,553,979,1056,2588,20947,2013,july
Denver,177876,57667,124763,360306,35064,16712,42934,94710,455016,2013,july
Dolores,410,650,423,1483,38,53,109,200,1683,2013,july
Douglas,38219,89917,63259,191395,4831,10015,9215,24061,215456,2013,july
Eagle,7824,7560,12231,27615,1127,1146,2632,4905,32520,2013,july
El Paso,77839,154435,126423,358697,12572,16891,22224,51687,410384,2013,july
Elbert,2282,9032,5222,16536,220,692,586,1498,18034,2013,july
Fremont,5435,11123,8437,24995,552,914,1234,2700,27695,2013,july
Garfield,7052,9668,12113,28833,623,980,2002,3605,32438,2013,july
Gilpin,1297,1090,1704,4091,247,198,418,863,4954,2013,july
Grand,2256,4164,3436,9856,514,752,1046,2312,12168,2013,july
Gunnison,2958,2737,4468,10163,328,319,889,1536,11699,2013,july
Hinsdale,105,422,152,679,4,28,4,36,715,2013,july
Huerfano,2078,1075,1128,4281,246,179,204,629,4910,2013,july
Jackson,140,775,183,1098,0,3,0,3,1101,2013,july
Jefferson,109888,117452,132521,359861,15073,15530,21711,52314,412175,2013,july
Kiowa,191,529,229,949,9,33,31,73,1022,2013,july
Kit Carson,686,2476,1219,4381,111,261,291,663,5044,2013,july
La Plata,10839,10941,12836,34616,1859,1787,2983,6629,41245,2013,july
Lake,2063,899,1731,4693,93,55,99,247,4940,2013,july
Larimer,55894,69197,82936,208027,4500,4487,9459,18446,226473,2013,july
Las Animas,4333,2093,1965,8391,631,489,523,1643,10034,2013,july
Lincoln,445,1526,691,2662,76,151,145,372,3034,2013,july
Logan,2058,5533,3294,10885,272,465,707,1444,12329,2013,july
Mesa,16800,37804,29539,84143,4552,8342,10400,23294,107437,2013,july
Mineral,342,274,145,761,43,33,6,82,843,2013,july
Moffat,984,4147,2371,7502,333,753,844,1930,9432,2013,july
Montezuma,3591,7322,4967,15880,992,1312,1351,3655,19535,2013,july
Montrose,4401,10950,8149,23500,372,796,1158,2326,25826,2013,july
Morgan,3056,5804,4614,13474,399,626,841,1866,15340,2013,july
Otero,3597,3770,2975,10342,373,341,448,1162,11504,2013,july
Ouray,980,1384,1220,3584,123,224,257,604,4188,2013,july
Park,2398,4568,4260,11226,355,678,896,1929,13155,2013,july
Phillips,473,1525,694,2692,99,208,169,476,3168,2013,july
Pitkin,4310,2182,5465,11957,845,599,1391,2835,14792,2013,july
Prowers,1478,2689,1944,6111,143,259,327,729,6840,2013,july
Pueblo,42531,23147,28193,93871,6067,3642,6867,16576,110447,2013,july
Rio Blanco,406,2642,905,3953,42,201,209,452,4405,2013,july
Rio Grande,2140,2826,1704,6670,302,384,362,1048,7718,2013,july
Routt,4627,4706,6498,15831,664,629,1176,2469,18300,2013,july
Saguache,1694,758,1162,3614,223,118,225,566,4180,2013,july
San Juan,166,136,298,600,19,11,30,60,660,2013,july
San Miguel,2197,894,1984,5075,491,235,687,1413,6488,2013,july
Sedgwick,277,896,389,1562,5,30,31,66,1628,2013,july
Summit,5414,4594,9065,19073,1641,1433,3629,6703,25776,2013,july
Teller,2822,7907,5504,16233,172,438,443,1053,17286,2013,july
Washington,321,2040,579,2940,57,190,134,381,3321,2013,july
Weld,34039,52722,52370,139131,5639,7011,11349,23999,163130,2013,july
Yuma,909,2924,1632,5465,150,386,364,900,6365,2013,july
Adams,70058,50434,64891,185383,21610,13793,32663,68066,253449,2013,june
Alamosa,2932,2238,1893,7063,700,467,927,2094,9157,2013,june
Arapahoe,104622,99306,96900,300828,22386,16123,34697,73206,374034,2013,june
Archuleta,1663,3532,1963,7158,691,1270,1119,3080,10238,2013,june
Baca,670,1119,451,2240,136,219,215,570,2810,2013,june
Bent,758,775,493,2026,252,170,343,765,2791,2013,june
Boulder,80613,36529,68897,186039,18407,9755,29093,57255,243294,2013,june
Broomfield,10291,11480,12457,34228,1870,1890,3708,7468,41696,2013,june
Chaffee,3014,4274,3633,10921,485,654,1152,2291,13212,2013,june
Cheyenne,150,767,232,1149,44,115,102,261,1410,2013,june
Clear Creek,1942,1867,2194,6003,436,464,928,1828,7831,2013,june
Conejos,2189,1603,485,4277,599,320,312,1231,5508,2013,june
Costilla,1404,273,304,1981,400,129,226,755,2736,2013,june
Crowley,412,858,311,1581,120,132,186,438,2019,2013,june
Custer,460,1710,674,2844,73,209,183,465,3309,2013,june
Delta,3229,8380,4950,16559,847,1571,1940,4358,20917,2013,june
Denver,164196,53385,107816,325397,48604,20966,59245,128815,454212,2013,june
Dolores,376,582,351,1309,74,118,178,370,1679,2013,june
Douglas,35545,84620,54938,175103,7434,15159,17282,39875,214978,2013,june
Eagle,7000,6882,10112,23994,1946,1820,4719,8485,32479,2013,june
El Paso,68290,141493,99631,309414,21996,29639,48176,99811,409225,2013,june
Elbert,2043,8338,4301,14682,457,1346,1454,3257,17939,2013,june
Fremont,4763,10112,6570,21445,1231,1927,3020,6178,27623,2013,june
Garfield,6498,9084,10108,25690,1182,1569,3931,6682,32372,2013,june
Gilpin,1173,969,1412,3554,370,321,706,1397,4951,2013,june
Grand,2028,3846,2769,8643,748,1062,1696,3506,12149,2013,june
Gunnison,2776,2521,3863,9160,509,535,1476,2520,11680,2013,june
Hinsdale,95,404,143,642,15,48,15,78,720,2013,june
Huerfano,1893,993,919,3805,433,259,407,1099,4904,2013,june
Jackson,113,647,111,871,27,130,70,227,1098,2013,june
Jefferson,101611,109453,113751,324815,23260,23537,39956,86753,411568,2013,june
Kiowa,173,490,193,856,26,71,66,163,1019,2013,june
Kit Carson,618,2292,973,3883,177,446,531,1154,5037,2013,june
La Plata,9873,10000,10745,30618,2804,2716,5006,10526,41144,2013,june
Lake,1560,660,964,3184,599,294,870,1763,4947,2013,june
Larimer,52249,64522,71453,188224,8092,9066,20471,37629,225853,2013,june
Las Animas,3800,1881,1462,7143,1182,701,1007,2890,10033,2013,june
Lincoln,400,1420,556,2376,121,256,272,649,3025,2013,june
Logan,1864,5123,2625,9612,465,875,1351,2691,12303,2013,june
Mesa,15290,35026,24334,74650,6060,11089,15473,32622,107272,2013,june
Mineral,315,257,112,684,69,50,35,154,838,2013,june
Moffat,833,3804,1773,6410,487,1098,1436,3021,9431,2013,june
Montezuma,3047,6539,3634,13220,1531,2086,2664,6281,19501,2013,june
Montrose,4000,10284,6777,21061,772,1458,2498,4728,25789,2013,june
Morgan,2641,5290,3491,11422,816,1138,1931,3885,15307,2013,june
Otero,3032,3425,2179,8636,943,680,1215,2838,11474,2013,june
Ouray,937,1321,1083,3341,169,288,384,841,4182,2013,june
Park,2155,4234,3625,10014,592,1001,1500,3093,13107,2013,june
Phillips,413,1384,561,2358,156,349,301,806,3164,2013,june
Pitkin,3931,1961,4640,10532,1221,826,2195,4242,14774,2013,june
Prowers,1248,2411,1443,5102,378,539,825,1742,6844,2013,june
Pueblo,38133,21182,22066,81381,10520,5473,12873,28866,110247,2013,june
Rio Blanco,355,2449,683,3487,92,393,432,917,4404,2013,june
Rio Grande,1913,2628,1313,5854,526,582,752,1860,7714,2013,june
Routt,4224,4272,5448,13944,1069,1064,2216,4349,18293,2013,june
Saguache,1527,669,895,3091,391,211,487,1089,4180,2013,june
San Juan,154,118,257,529,31,28,71,130,659,2013,june
San Miguel,2020,803,1636,4459,674,325,1023,2022,6481,2013,june
Sedgwick,248,842,323,1413,35,86,97,218,1631,2013,june
Summit,4857,4068,7455,16380,2164,1929,5171,9264,25644,2013,june
Teller,2458,7172,4401,14031,539,1175,1534,3248,17279,2013,june
Washington,292,1917,480,2689,86,312,225,623,3312,2013,june
Weld,30719,49140,42816,122675,8964,10558,20669,40191,162866,2013,june
Yuma,821,2699,1332,4852,243,612,659,1514,6366,2013,june
Adams,69682,50061,63623,183366,21938,13998,33095,69031,252397,2013,mar
Alamosa,2929,2235,1863,7027,710,471,940,2121,9148,2013,mar
Arapahoe,104168,98954,95034,298156,22805,16435,35322,74562,372718,2013,mar
Archuleta,1650,3507,1903,7060,723,1334,1136,3193,10253,2013,mar
Baca,674,1114,428,2216,145,227,218,590,2806,2013,mar
Bent,760,779,482,2021,255,175,348,778,2799,2013,mar
Boulder,80328,36445,67901,184674,18670,9895,29434,57999,242673,2013,mar
Broomfield,10221,11433,12256,33910,1899,1929,3770,7598,41508,2013,mar
Chaffee,3012,4250,3536,10798,494,663,1167,2324,13122,2013,mar
Cheyenne,152,766,231,1149,45,115,105,265,1414,2013,mar
Clear Creek,1932,1856,2159,5947,445,482,942,1869,7816,2013,mar
Conejos,2185,1605,468,4258,606,330,317,1253,5511,2013,mar
Costilla,1406,271,284,1961,409,130,226,765,2726,2013,mar
Crowley,409,853,302,1564,123,132,188,443,2007,2013,mar
Custer,459,1709,647,2815,75,219,189,483,3298,2013,mar
Delta,3227,8373,4845,16445,861,1589,1972,4422,20867,2013,mar
Denver,162998,52954,105306,321258,49264,21195,59976,130435,451693,2013,mar
Dolores,377,581,342,1300,74,122,179,375,1675,2013,mar
Douglas,35289,84029,53821,173139,7509,15355,17493,40357,213496,2013,mar
Eagle,6944,6855,9892,23691,1981,1847,4781,8609,32300,2013,mar
El Paso,67906,140666,97231,305803,22244,30059,48782,101085,406888,2013,mar
Elbert,2044,8331,4258,14633,461,1356,1473,3290,17923,2013,mar
Fremont,4778,10089,6407,21274,1245,1971,3072,6288,27562,2013,mar
Garfield,6491,9049,9878,25418,1214,1590,3982,6786,32204,2013,mar
Gilpin,1168,959,1401,3528,379,325,714,1418,4946,2013,mar
Grand,2010,3829,2699,8538,765,1075,1718,3558,12096,2013,mar
Gunnison,2773,2511,3782,9066,519,539,1500,2558,11624,2013,mar
Hinsdale,94,398,139,631,15,49,17,81,712,2013,mar
Huerfano,1896,1004,905,3805,438,262,412,1112,4917,2013,mar
Jackson,113,646,108,867,27,133,72,232,1099,2013,mar
Jefferson,101194,109201,111877,322272,23692,23926,40613,88231,410503,2013,mar
Kiowa,171,488,190,849,26,73,66,165,1014,2013,mar
Kit Carson,618,2282,948,3848,179,455,540,1174,5022,2013,mar
La Plata,9919,9967,10661,30547,2723,2705,4919,10347,40894,2013,mar
Lake,1557,661,943,3161,610,298,875,1783,4944,2013,mar
Larimer,52177,64381,70348,186906,8269,9303,20873,38445,225351,2013,mar
Las Animas,3798,1876,1450,7124,1195,703,1015,2913,10037,2013,mar
Lincoln,401,1414,552,2367,123,261,272,656,3023,2013,mar
Logan,1852,5091,2560,9503,482,891,1386,2759,12262,2013,mar
Mesa,15604,35674,24467,75745,5783,10476,14976,31235,106980,2013,mar
Mineral,315,255,110,680,69,52,35,156,836,2013,mar
Moffat,834,3812,1757,6403,492,1112,1444,3048,9451,2013,mar
Montezuma,3014,6498,3511,13023,1555,2122,2707,6384,19407,2013,mar
Montrose,3999,10252,6638,20889,780,1497,2548,4825,25714,2013,mar
Morgan,2619,5264,3429,11312,828,1172,1952,3952,15264,2013,mar
Otero,3015,3410,2102,8527,972,705,1244,2921,11448,2013,mar
Ouray,933,1319,1067,3319,170,290,390,850,4169,2013,mar
Park,2146,4204,3527,9877,611,1010,1517,3138,13015,2013,mar
Phillips,410,1370,550,2330,158,354,309,821,3151,2013,mar
Pitkin,3912,1938,4547,10397,1237,841,2239,4317,14714,2013,mar
Prowers,1253,2407,1432,5092,384,546,837,1767,6859,2013,mar
Pueblo,38000,20919,21137,80056,10769,5627,13156,29552,109608,2013,mar
Rio Blanco,356,2450,661,3467,92,404,436,932,4399,2013,mar
Rio Grande,1907,2622,1288,5817,533,589,760,1882,7699,2013,mar
Routt,4207,4243,5391,13841,1089,1081,2242,4412,18253,2013,mar
Saguache,1533,671,887,3091,406,219,498,1123,4214,2013,mar
San Juan,155,118,259,532,31,29,73,133,665,2013,mar
San Miguel,2013,807,1610,4430,679,328,1038,2045,6475,2013,mar
Sedgwick,249,838,320,1407,36,87,97,220,1627,2013,mar
Summit,4820,4027,7316,16163,2213,1977,5293,9483,25646,2013,mar
Teller,2458,7161,4312,13931,538,1183,1545,3266,17197,2013,mar
Washington,290,1921,466,2677,86,319,227,632,3309,2013,mar
Weld,30624,48956,41942,121522,9111,10761,21020,40892,162414,2013,mar
Yuma,812,2683,1304,4799,247,619,675,1541,6340,2013,mar
Adams,69935,50248,64440,184623,21719,13861,32809,68389,253012,2013,may
Alamosa,2933,2238,1883,7054,707,470,930,2107,9161,2013,may
Arapahoe,104465,99174,96293,299932,22511,16204,34866,73581,373513,2013,may
Archuleta,1658,3522,1946,7126,692,1276,1120,3088,10214,2013,may
Baca,676,1119,444,2239,136,222,215,573,2812,2013,may
Bent,760,776,491,2027,253,171,345,769,2796,2013,may
Boulder,80482,36500,68572,185554,18452,9786,29182,57420,242974,2013,may
Broomfield,10260,11462,12398,34120,1876,1898,3720,7494,41614,2013,may
Chaffee,3010,4263,3599,10872,486,659,1155,2300,13172,2013,may
Cheyenne,151,764,231,1146,45,115,103,263,1409,2013,may
Clear Creek,1938,1868,2181,5987,438,465,934,1837,7824,2013,may
Conejos,2189,1603,477,4269,601,323,313,1237,5506,2013,may
Costilla,1402,274,298,1974,403,129,225,757,2731,2013,may
Crowley,411,857,310,1578,120,132,186,438,2016,2013,may
Custer,458,1711,666,2835,74,209,185,468,3303,2013,may
Delta,3227,8375,4918,16520,854,1573,1947,4374,20894,2013,may
Denver,163662,53242,106859,323763,48799,21025,59451,129275,453038,2013,may
Dolores,375,581,348,1304,74,120,179,373,1677,2013,may
Douglas,35435,84418,54580,174433,7454,15206,17349,40009,214442,2013,may
Eagle,6982,6869,10033,23884,1957,1829,4733,8519,32403,2013,may
El Paso,68100,141206,98762,308068,22086,29793,48384,100263,408331,2013,may
Elbert,2045,8345,4305,14695,457,1347,1458,3262,17957,2013,may
Fremont,4770,10111,6526,21407,1234,1936,3025,6195,27602,2013,may
Garfield,6491,9074,10029,25594,1192,1575,3948,6715,32309,2013,may
Gilpin,1173,967,1405,3545,372,322,707,1401,4946,2013,may
Grand,2022,3838,2744,8604,750,1068,1705,3523,12127,2013,may
Gunnison,2775,2522,3854,9151,512,536,1478,2526,11677,2013,may
Hinsdale,95,402,139,636,15,48,17,80,716,2013,may
Huerfano,1894,998,919,3811,433,259,407,1099,4910,2013,may
Jackson,113,648,111,872,27,130,70,227,1099,2013,may
Jefferson,101470,109395,113084,323949,23380,23652,40169,87201,411150,2013,may
Kiowa,172,489,193,854,26,72,66,164,1018,2013,may
Kit Carson,616,2286,962,3864,177,451,535,1163,5027,2013,may
La Plata,9834,9985,10672,30491,2814,2723,5031,10568,41059,2013,may
Lake,1555,661,960,3176,606,295,874,1775,4951,2013,may
Larimer,52170,64431,70990,187591,8137,9125,20574,37836,225427,2013,may
Las Animas,3804,1880,1464,7148,1186,702,1009,2897,10045,2013,may
Lincoln,401,1417,554,2372,122,256,271,649,3021,2013,may
Logan,1855,5112,2615,9582,470,876,1360,2706,12288,2013,may
Mesa,15283,34994,24190,74467,6087,11132,15524,32743,107210,2013,may
Mineral,315,257,112,684,69,50,35,154,838,2013,may
Moffat,836,3811,1767,6414,489,1100,1438,3027,9441,2013,may
Montezuma,3036,6526,3589,13151,1541,2098,2676,6315,19466,2013,may
Montrose,3997,10281,6735,21013,775,1470,2505,4750,25763,2013,may
Morgan,2637,5288,3472,11397,819,1144,1933,3896,15293,2013,may
Otero,3034,3435,2175,8644,945,681,1216,2842,11486,2013,may
Ouray,934,1322,1075,3331,169,289,387,845,4176,2013,may
Park,2156,4233,3594,9983,596,1001,1505,3102,13085,2013,may
Phillips,413,1375,559,2347,156,351,302,809,3156,2013,may
Pitkin,3930,1951,4614,10495,1227,831,2202,4260,14755,2013,may
Prowers,1253,2414,1441,5108,379,541,831,1751,6859,2013,may
Pueblo,38110,21115,21810,81035,10559,5501,12941,29001,110036,2013,may
Rio Blanco,354,2451,677,3482,92,398,433,923,4405,2013,may
Rio Grande,1911,2628,1303,5842,529,583,756,1868,7710,2013,may
Routt,4226,4262,5438,13926,1070,1066,2220,4356,18282,2013,may
Saguache,1525,668,892,3085,392,211,487,1090,4175,2013,may
San Juan,154,118,259,531,31,28,71,130,661,2013,may
San Miguel,2016,804,1626,4446,677,325,1026,2028,6474,2013,may
Sedgwick,248,838,321,1407,36,86,97,219,1626,2013,may
Summit,4849,4059,7428,16336,2169,1934,5181,9284,25620,2013,may
Teller,2454,7153,4360,13967,539,1178,1535,3252,17219,2013,may
Washington,290,1916,469,2675,86,313,226,625,3300,2013,may
Weld,30767,49127,42657,122551,8995,10612,20765,40372,162923,2013,may
Yuma,819,2692,1321,4832,245,616,662,1523,6355,2013,may
Adams,70682,50487,66552,187721,22735,15084,32826,70645,258366,2012,nov
Alamosa,2882,2220,1747,6849,1039,770,1400,3209,10058,2012,nov
Arapahoe,107427,101492,102884,311803,24433,17337,31250,73020,384823,2012,nov
Archuleta,1599,3444,1795,6838,755,1411,1184,3350,10188,2012,nov
Baca,662,1101,380,2143,190,314,316,820,2963,2012,nov
Bent,755,783,461,1999,271,190,363,824,2823,2012,nov
Boulder,81896,37212,70639,189747,19974,10263,28975,59212,248959,2012,nov
Broomfield,10276,11411,12531,34218,2247,2371,3934,8552,42770,2012,nov
Chaffee,3072,4363,3743,11178,557,736,1170,2463,13641,2012,nov
Cheyenne,148,755,210,1113,55,163,138,356,1469,2012,nov
Clear Creek,1909,1827,2059,5795,542,563,1083,2188,7983,2012,nov
Conejos,2171,1592,448,4211,651,362,351,1364,5575,2012,nov
Costilla,1528,288,306,2122,294,123,175,592,2714,2012,nov
Crowley,400,844,288,1532,178,225,281,684,2216,2012,nov
Custer,444,1697,602,2743,138,377,291,806,3549,2012,nov
Delta,3190,8316,4638,16144,963,1768,2134,4865,21009,2012,nov
Denver,169226,54846,112759,336831,59622,24426,63642,147690,484521,2012,nov
Dolores,373,570,317,1260,82,132,191,405,1665,2012,nov
Douglas,35864,85311,55925,177100,7437,14987,14664,37088,214188,2012,nov
Eagle,6819,6732,9514,23065,2519,2328,5596,10443,33508,2012,nov
El Paso,69477,142064,103431,314972,25187,35467,50819,111473,426445,2012,nov
Elbert,2023,8213,4090,14326,648,1932,1932,4512,18838,2012,nov
Fremont,4722,9995,5961,20678,2479,3990,5223,11692,32370,2012,nov
Garfield,6411,8919,9454,24784,2121,2700,5791,10612,35396,2012,nov
Gilpin,1146,929,1322,3397,438,379,870,1687,5084,2012,nov
Grand,1942,3810,2531,8283,828,1167,1836,3831,12114,2012,nov
Gunnison,2744,2525,3739,9008,1060,1015,2385,4460,13468,2012,nov
Hinsdale,103,417,146,666,11,48,16,75,741,2012,nov
Huerfano,1893,993,870,3756,531,308,468,1307,5063,2012,nov
Jackson,115,647,100,862,50,229,113,392,1254,2012,nov
Jefferson,102733,111053,116036,329822,23381,23913,37732,85026,414848,2012,nov
Kiowa,170,491,181,842,37,100,91,228,1070,2012,nov
Kit Carson,618,2252,886,3756,209,567,618,1394,5150,2012,nov
La Plata,9767,9781,10136,29684,3136,3093,5637,11866,41550,2012,nov
Lake,1559,652,900,3111,630,308,898,1836,4947,2012,nov
Larimer,51489,63543,67270,182302,13495,15121,30214,58830,241132,2012,nov
Las Animas,3763,1833,1378,6974,1391,806,1164,3361,10335,2012,nov
Lincoln,392,1397,523,2312,198,387,378,963,3275,2012,nov
Logan,1839,5028,2417,9284,557,1008,1509,3074,12358,2012,nov
Mesa,16394,36840,26784,80018,5214,9607,12496,27317,107335,2012,nov
Mineral,313,254,109,676,71,54,35,160,836,2012,nov
Moffat,831,3789,1673,6293,523,1182,1511,3216,9509,2012,nov
Montezuma,3080,6629,3768,13477,1518,2035,2388,5941,19418,2012,nov
Montrose,3957,10207,6394,20558,1151,2293,3450,6894,27452,2012,nov
Morgan,2697,5315,3654,11666,801,1225,1734,3760,15426,2012,nov
Otero,2970,3386,1992,8348,1359,1013,1744,4116,12464,2012,nov
Ouray,917,1315,1025,3257,253,401,490,1144,4401,2012,nov
Park,2100,4144,3359,9603,690,1113,1660,3463,13066,2012,nov
Phillips,405,1368,524,2297,166,363,325,854,3151,2012,nov
Pitkin,3964,1989,4714,10667,1271,821,2163,4255,14922,2012,nov
Prowers,1215,2375,1359,4949,539,805,1060,2404,7353,2012,nov
Pueblo,39895,21595,23914,85404,10901,6146,12484,29531,114935,2012,nov
Rio Blanco,346,2426,639,3411,146,575,612,1333,4744,2012,nov
Rio Grande,1862,2606,1210,5678,653,721,902,2276,7954,2012,nov
Routt,4145,4185,5188,13518,1383,1368,2677,5428,18946,2012,nov
Saguache,1507,670,831,3008,489,261,554,1304,4312,2012,nov
San Juan,152,113,259,524,32,30,74,136,660,2012,nov
San Miguel,1986,801,1545,4332,769,350,1168,2287,6619,2012,nov
Sedgwick,243,826,297,1366,52,138,127,317,1683,2012,nov
Summit,4826,4080,7522,16428,2131,1911,4964,9006,25434,2012,nov
Teller,2405,7039,4072,13516,1161,2475,2755,6391,19907,2012,nov
Washington,282,1903,445,2630,96,344,241,681,3311,2012,nov
Weld,29483,47744,40319,117546,9938,11974,23019,44931,162477,2012,nov
Yuma,800,2644,1234,4678,279,702,737,1718,6396,2012,nov
Adams,79133,55321,81341,215795,12723,8970,17654,39347,255142,2013,oct
Alamosa,3269,2455,2465,8189,363,238,415,1016,9205,2013,oct
Arapahoe,116916,108187,123752,348855,10835,7552,11088,29475,378330,2013,oct
Archuleta,1848,3826,2374,8048,469,891,704,2064,10112,2013,oct
Baca,740,1237,604,2581,55,97,95,247,2828,2013,oct
Bent,868,830,670,2368,139,105,181,425,2793,2013,oct
Boulder,84366,38432,78091,200889,15055,7694,22079,44828,245717,2013,oct
Broomfield,10209,11479,13275,34963,2097,2060,3330,7487,42450,2013,oct
Chaffee,3154,4504,4237,11895,324,393,604,1321,13216,2013,oct
Cheyenne,167,828,297,1292,21,53,45,119,1411,2013,oct
Clear Creek,2109,2041,2699,6849,267,283,484,1034,7883,2013,oct
Conejos,2549,1776,723,5048,248,146,103,497,5545,2013,oct
Costilla,1655,334,432,2421,152,75,107,334,2755,2013,oct
Crowley,474,920,415,1809,57,68,90,215,2024,2013,oct
Custer,495,1795,805,3095,43,123,89,255,3350,2013,oct
Delta,3497,8902,5984,18383,564,1019,1080,2663,21046,2013,oct
Denver,177941,57243,127132,362316,34072,16424,41778,92274,454590,2013,oct
Dolores,400,644,423,1467,44,61,118,223,1690,2013,oct
Douglas,37951,89134,63679,190764,5248,11075,10135,26458,217222,2013,oct
Eagle,7773,7506,12293,27572,1142,1161,2662,4965,32537,2013,oct
El Paso,78300,155071,129564,362935,12398,16614,21873,50885,413820,2013,oct
Elbert,2260,8993,5234,16487,233,782,644,1659,18146,2013,oct
Fremont,5374,11066,8540,24980,592,956,1318,2866,27846,2013,oct
Garfield,7091,9716,12386,29193,614,965,1987,3566,32759,2013,oct
Gilpin,1307,1099,1747,4153,242,197,416,855,5008,2013,oct
Grand,2245,4114,3511,9870,492,709,998,2199,12069,2013,oct
Gunnison,2975,2734,4503,10212,322,312,884,1518,11730,2013,oct
Hinsdale,108,420,154,682,4,28,4,36,718,2013,oct
Huerfano,2069,1070,1157,4296,240,178,205,623,4919,2013,oct
Jackson,130,722,182,1034,8,49,14,71,1105,2013,oct
Jefferson,109247,116183,133144,358574,15551,16175,22611,54337,412911,2013,oct
Kiowa,188,529,234,951,9,29,28,66,1017,2013,oct
Kit Carson,673,2450,1232,4355,105,265,297,667,5022,2013,oct
La Plata,10930,10993,13060,34983,1821,1773,2955,6549,41532,2013,oct
Lake,2075,916,1761,4752,93,55,101,249,5001,2013,oct
Larimer,55455,68584,83308,207347,5081,5036,10484,20601,227948,2013,oct
Las Animas,4302,2054,2017,8373,656,533,536,1725,10098,2013,oct
Lincoln,444,1547,710,2701,77,151,143,371,3072,2013,oct
Logan,2052,5507,3324,10883,271,461,700,1432,12315,2013,oct
Mesa,16768,37669,29881,84318,4523,8350,10371,23244,107562,2013,oct
Mineral,346,276,165,787,43,30,6,79,866,2013,oct
Moffat,973,4117,2391,7481,333,779,862,1974,9455,2013,oct
Montezuma,3616,7343,5087,16046,981,1299,1331,3611,19657,2013,oct
Montrose,4353,10811,8131,23295,397,908,1242,2547,25842,2013,oct
Morgan,3026,5781,4646,13453,418,649,862,1929,15382,2013,oct
Otero,3566,3743,3033,10342,382,356,452,1190,11532,2013,oct
Ouray,986,1391,1266,3643,122,223,252,597,4240,2013,oct
Park,2364,4559,4321,11244,368,690,906,1964,13208,2013,oct
Phillips,475,1544,702,2721,99,207,163,469,3190,2013,oct
Pitkin,4328,2183,5563,12074,842,590,1381,2813,14887,2013,oct
Prowers,1475,2717,2002,6194,142,253,324,719,6913,2013,oct
Pueblo,42401,23057,28501,93959,6060,3763,6997,16820,110779,2013,oct
Rio Blanco,394,2641,922,3957,42,195,200,437,4394,2013,oct
Rio Grande,2123,2826,1726,6675,306,378,369,1053,7728,2013,oct
Routt,4628,4700,6584,15912,682,664,1211,2557,18469,2013,oct
Saguache,1706,762,1184,3652,223,121,224,568,4220,2013,oct
San Juan,167,139,300,606,18,11,30,59,665,2013,oct
San Miguel,2219,893,2013,5125,488,236,691,1415,6540,2013,oct
Sedgwick,282,907,406,1595,5,30,31,66,1661,2013,oct
Summit,5491,4626,9228,19345,1639,1425,3618,6682,26027,2013,oct
Teller,2762,7776,5509,16047,224,598,565,1387,17434,2013,oct
Washington,316,2030,583,2929,56,183,137,376,3305,2013,oct
Weld,32978,51238,51359,135575,6745,8677,13437,28859,164434,2013,oct
Yuma,904,2906,1643,5453,150,396,376,922,6375,2013,oct
Adams,79075,55195,80854,215124,12850,9211,17866,39927,255051,2013,sept
Alamosa,3267,2450,2457,8174,364,239,420,1023,9197,2013,sept
Arapahoe,116742,108270,122936,347948,10955,7660,11195,29810,377758,2013,sept
Archuleta,1853,3826,2355,8034,472,900,711,2083,10117,2013,sept
Baca,744,1238,596,2578,56,98,95,249,2827,2013,sept
Bent,859,826,656,2341,139,105,182,426,2767,2013,sept
Boulder,83906,38418,76946,199270,15415,7878,22502,45795,245065,2013,sept
Broomfield,10110,11381,13070,34561,2151,2123,3389,7663,42224,2013,sept
Chaffee,3155,4513,4220,11888,321,390,602,1313,13201,2013,sept
Cheyenne,167,825,289,1281,21,54,47,122,1403,2013,sept
Clear Creek,2106,2049,2662,6817,268,284,488,1040,7857,2013,sept
Conejos,2543,1777,719,5039,249,147,103,499,5538,2013,sept
Costilla,1659,333,430,2422,153,75,107,335,2757,2013,sept
Crowley,476,919,416,1811,57,68,90,215,2026,2013,sept
Custer,494,1789,796,3079,43,123,89,255,3334,2013,sept
Delta,3503,8895,5937,18335,566,1021,1089,2676,21011,2013,sept
Denver,178548,57597,126978,363123,33972,16448,41688,92108,455231,2013,sept
Dolores,403,644,421,1468,45,62,118,225,1693,2013,sept
Douglas,37864,88989,63109,189962,5330,11281,10296,26907,216869,2013,sept
Eagle,7753,7521,12234,27508,1148,1167,2676,4991,32499,2013,sept
El Paso,78317,155136,128750,362203,12455,16722,22013,51190,413393,2013,sept
Elbert,2257,8964,5177,16398,241,800,653,1694,18092,2013,sept
Fremont,5365,11049,8473,24887,600,961,1317,2878,27765,2013,sept
Garfield,7063,9701,12292,29056,620,973,1997,3590,32646,2013,sept
Gilpin,1301,1101,1736,4138,245,198,416,859,4997,2013,sept
Grand,2252,4128,3497,9877,497,726,1012,2235,12112,2013,sept
Gunnison,2974,2745,4498,10217,326,314,886,1526,11743,2013,sept
Hinsdale,108,422,152,682,4,28,4,36,718,2013,sept
Huerfano,2064,1067,1143,4274,241,179,205,625,4899,2013,sept
Jackson,139,769,193,1101,0,3,0,3,1104,2013,sept
Jefferson,108961,116181,132152,357294,15674,16317,22775,54766,412060,2013,sept
Kiowa,189,530,235,954,9,29,28,66,1020,2013,sept
Kit Carson,678,2448,1219,4345,108,268,298,674,5019,2013,sept
La Plata,10906,10986,12993,34885,1835,1776,2972,6583,41468,2013,sept
Lake,2077,909,1749,4735,94,55,100,249,4984,2013,sept
Larimer,55363,68518,82699,206580,5138,5083,10570,20791,227371,2013,sept
Las Animas,4293,2048,1973,8314,662,535,544,1741,10055,2013,sept
Lincoln,441,1525,696,2662,77,151,143,371,3033,2013,sept
Logan,2050,5530,3313,10893,272,465,706,1443,12336,2013,sept
Mesa,16702,37549,29624,83875,4612,8537,10540,23689,107564,2013,sept
Mineral,342,275,148,765,43,32,6,81,846,2013,sept
Moffat,973,4101,2357,7431,339,785,869,1993,9424,2013,sept
Montezuma,3606,7344,5052,16002,988,1303,1335,3626,19628,2013,sept
Montrose,4359,10788,8076,23223,405,915,1252,2572,25795,2013,sept
Morgan,3025,5777,4623,13425,419,653,870,1942,15367,2013,sept
Otero,3572,3744,3002,10318,389,363,457,1209,11527,2013,sept
Ouray,986,1392,1254,3632,122,224,253,599,4231,2013,sept
Park,2369,4565,4292,11226,372,697,911,1980,13206,2013,sept
Phillips,475,1538,701,2714,99,207,164,470,3184,2013,sept
Pitkin,4313,2181,5531,12025,844,593,1390,2827,14852,2013,sept
Prowers,1480,2704,1982,6166,143,256,326,725,6891,2013,sept
Pueblo,42434,23048,28332,93814,6118,3802,7055,16975,110789,2013,sept
Rio Blanco,401,2645,920,3966,42,195,201,438,4404,2013,sept
Rio Grande,2123,2821,1722,6666,308,380,374,1062,7728,2013,sept
Routt,4621,4685,6545,15851,685,667,1218,2570,18421,2013,sept
Saguache,1704,758,1168,3630,223,121,225,569,4199,2013,sept
San Juan,168,136,299,603,18,11,30,59,662,2013,sept
San Miguel,2205,895,1991,5091,489,236,694,1419,6510,2013,sept
Sedgwick,279,906,400,1585,5,30,31,66,1651,2013,sept
Summit,5451,4617,9176,19244,1645,1432,3631,6708,25952,2013,sept
Teller,2761,7748,5474,15983,227,605,569,1401,17384,2013,sept
Washington,320,2028,582,2930,57,184,137,378,3308,2013,sept
Weld,34066,52761,52961,139788,5641,7060,11375,24076,163864,2013,sept
Yuma,903,2900,1641,5444,153,401,377,931,6375,2013,sept
